clear
[H[2J[3Jpython ./scripts/reportAnalises.py ./output/Practitioner/MyInstancesSameToolSets/ 2
1-n=15,p=0,5,r=0,5 ;15 ;0 ;0 ;5 ;149 ;251 ;0 
2-n=15,p=0,25,r=0,5 ;15 ;0 ;0 ;4 ;50 ;360 ;0 
3-n=15,p=0,75,r=0,5 ;15 ;0 ;0 ;3 ;49 ;371 ;0 
4-n=20,p=0,5,r=0,5 ;20 ;0 ;0 ;7 ;91 ;439 ;0 
5-n=20,p=0,25,r=0,5 ;20 ;0 ;0 ;5 ;66 ;484 ;0 
6-n=20,p=0,75,r=0,5 ;20 ;0 ;0 ;2 ;24 ;556 ;0 
7-n=25,p=0,5,r=0,5 ;25 ;0 ;0 ;8 ;139 ;531 ;0 
8-n=25,p=0,25,r=0,5 ;25 ;0 ;0 ;8 ;83 ;587 ;0 
9-n=25,p=0,75,r=0,5 ;25 ;0 ;0 ;9 ;118 ;542 ;0 
10-n=75,p=0,24,r=0,5 ;34 ;4 ;41 ;9 ;164 ;646 ;0 
11-n=75,p=0,51,r=0,5 ;37 ;20 ;38 ;12 ;216 ;174 ;0 
12-n=75,p=0,75,r=0,5 ;45 ;28 ;30 ;20 ;324 ;-14 ;0 
13-n=212,p=0,25,r=0,4 ;87 ;47 ;125 ;45 ;703 ;47 ;0,01 
14-n=212,p=0,50,r=0,4 ;116 ;39 ;96 ;81 ;1,145 ;355 ;0,01 
15-n=212,p=0,75,r=0,4 ;115 ;65 ;97 ;89 ;1,283 ;-673 ;0,01 
16-n=228,p=0,25,r=0,6 ;94 ;41 ;134 ;49 ;674 ;426 ;0,01 
17-n=228,p=0,50,r=0,6 ;111 ;78 ;117 ;60 ;765 ;-375 ;0,01 
18-n=228,p=0,75,r=0,6 ;129 ;94 ;99 ;78 ;1,173 ;-903 ;0,01 
19-n=399,p=0,25,r=0,5 ;164 ;50 ;235 ;89 ;963 ;1,567 ;0,02 
20-n=399,p=0,50,r=0,5 ;193 ;75 ;206 ;110 ;1,331 ;1,109 ;0,02 
21-n=399,p=0,75,r=0,5 ;221 ;149 ;178 ;148 ;2,020 ;-1,340 ;0,01 
22-n=499,p=0,25,r=0,5 ;200 ;74 ;299 ;91 ;1,319 ;1,551 ;0,01 
23-n=499,p=0,50,r=0,5 ;223 ;147 ;276 ;112 ;1,621 ;-461 ;0,01 
24-n=499,p=0,75,r=0,5 ;257 ;233 ;242 ;154 ;2,142 ;-2,962 ;0,01 
25-n=600,p=0,25,r=0,5 ;231 ;89 ;369 ;102 ;1,475 ;1,765 ;0,02 
26-n=600,p=0,50,r=0,5 ;290 ;132 ;310 ;163 ;2,290 ;820 ;0,02 
27-n=600,p=0,75,r=0,5 ;319 ;221 ;281 ;206 ;2,747 ;-1,867 ;0,01 
28-n=699,p=0,25,r=0,5 ;294 ;113 ;405 ;145 ;2,082 ;1,898 ;0,03 
29-n=699,p=0,50,r=0,5 ;324 ;240 ;375 ;197 ;2,727 ;-2,177 ;0,02 
30-n=699,p=0,75,r=0,5 ;381 ;261 ;318 ;251 ;3,453 ;-2,363 ;0,02 
31-n=800,p=0,25,r=0,6 ;339 ;143 ;461 ;147 ;2,031 ;2,379 ;0,03 
32-n=800,p=0,50,r=0,6 ;384 ;220 ;416 ;208 ;3,062 ;-222 ;0,03 
33-n=800,p=0,75,r=0,6 ;439 ;347 ;361 ;271 ;3,357 ;-3,307 ;0,02 
34-n=899,p=0,25,r=0,6 ;386 ;135 ;513 ;190 ;2,569 ;3,061 ;0,04 
35-n=899,p=0,50,r=0,6 ;446 ;257 ;453 ;250 ;3,236 ;-66 ;0,03 
36-n=899,p=0,75,r=0,6 ;505 ;366 ;394 ;311 ;4,116 ;-3,056 ;0,02 
37-n=1000,p=0,25,r=0,6 ;433 ;142 ;567 ;224 ;3,121 ;3,369 ;0,04 
38-n=1000,p=0,50,r=0,6 ;520 ;237 ;480 ;306 ;4,199 ;1,231 ;0,04 
39-n=1000,p=0,75,r=0,6 ;539 ;350 ;461 ;336 ;4,271 ;-1,961 ;0,03 
40-n=1236,p=0,25,r=0,6 ;519 ;213 ;717 ;262 ;3,507 ;3,053 ;0,06 
41-n=1236,p=0,50,r=0,6 ;565 ;455 ;671 ;324 ;4,257 ;-4,197 ;0,05 
42-n=1236,p=0,75,r=0,6 ;687 ;513 ;549 ;437 ;5,518 ;-4,668 ;0,04  
echo "\n"


