clear && g++ src/MeuCpp/*.cpp -std=c++2a -Wshadow -o src/out/mainCpp -Wno-unused-result -lpthread -O3 -march=native && echo "\n" && clear && src/out/mainCpp
[H[2J[3J

[H[2J[3J
------------------------------------------------------------------------------------------
SOLUTION
------------------------------------------------------------------------------------------

Solution: 
0 1 2 3 4 5 6 7 8 9 10 11 12 13 14 15 16 17 18 19 20 21 22 23 24 25 26 27 28 29 30 31 32 33 34 35 36 37 38 39 40 41 42 43 44 45 46 47 48 49 50 51 52 53 54 55 56 57 58 59 60 61 62 63 64 65 66 67 68 69 70 71 72 73 74 75 76 77 78 79 80 81 82 83 84 85 86 87 88 89 90 91 92 93 94 95 96 97 98 99 100 101 102 103 104 105 106 107 108 109 110 111 112 113 114 115 116 117 118 119 120 121 122 123 124 125 126 127 128 129 130 131 132 133 134 135 136 137 138 139 140 141 142 143 144 145 146 147 148 149 150 151 152 153 154 155 156 157 158 159 160 161 162 163 164 165 166 167 168 169 170 171 172 173 174 175 176 177 178 179 180 181 182 183 184 185 186 187 188 189 190 191 192 193 194 195 196 197 198 199 200 201 202 203 204 205 206 207 208 209 210 211 212 213 214 215 216 217 218 219 220 221 222 223 224 225 226 227 228 229 230 231 232 233 234 235 236 237 238 239 240 241 242 243 244 245 246 247 248 249 250 251 252 253 254 255 256 257 258 259 260 261 262 263 264 265 266 267 268 269 270 271 272 273 274 275 276 277 278 279 280 281 282 283 284 285 286 287 288 289 290 291 292 293 294 295 296 297 298 299 300 301 302 303 304 305 306 307 308 309 310 311 312 313 314 315 316 317 318 319 320 321 322 323 324 325 326 327 328 329 330 331 332 333 334 335 336 337 338 339 340 341 342 343 344 345 346 347 348 349 350 351 352 353 354 355 356 357 358 359 360 361 362 363 364 365 366 367 368 369 370 371 372 373 374 375 376 377 378 379 380 381 382 383 384 385 386 387 388 389 390 391 392 393 394 395 396 397 398 399 400 401 402 403 404 405 406 407 408 409 410 411 412 413 414 415 416 417 418 419 420 421 422 423 424 425 426 427 428 429 430 431 432 433 434 435 436 437 438 439 440 441 442 443 444 445 446 447 448 449 450 451 452 453 454 455 456 457 458 459 460 461 462 463 464 465 466 467 468 469 470 471 472 473 474 475 476 477 478 479 480 481 482 483 484 485 486 487 488 489 490 491 492 493 494 495 496 497 498 499 500 501 502 503 504 505 506 507 508 509 510 511 512 513 514 515 516 517 518 519 520 521 522 523 524 525 526 527 528 529 530 531 532 533 534 535 536 537 538 539 540 541 542 543 544 545 546 547 548 549 550 551 552 553 554 555 556 557 558 559 560 561 562 563 564 565 566 567 568 569 570 571 572 573 574 575 576 577 578 579 580 581 582 583 584 585 586 587 588 589 590 591 592 593 594 595 596 597 598 599 600 601 602 603 604 605 606 607 608 609 610 611 612 613 614 615 616 617 618 619 620 621 622 623 624 625 626 627 628 629 630 631 632 633 634 635 636 637 638 639 640 641 642 643 644 645 646 647 648 649 650 651 652 653 654 655 656 657 658 659 660 661 662 663 664 665 666 667 668 669 670 671 672 673 674 675 676 677 678 679 680 681 682 683 684 685 686 687 688 689 690 691 692 693 694 695 696 697 698 699 700 701 702 703 704 705 706 707 708 709 710 711 712 713 714 715 716 717 
Machine: 
0 0 0 0 0 0 0 0 0 0 0 0 0 0 0 0 0 0 0 0 0 0 0 0 0 0 0 0 0 0 0 0 0 0 0 0 0 0 0 0 0 0 0 0 0 0 0 0 0 0 0 0 0 0 0 0 0 0 0 0 0 0 0 0 0 0 0 0 0 0 0 0 0 0 0 0 0 0 0 0 0 0 0 0 0 0 0 0 0 0 0 0 0 0 0 0 0 0 0 0 0 0 0 0 0 0 0 0 0 0 0 0 0 0 0 0 0 0 0 0 0 0 0 0 0 0 0 0 0 0 0 0 0 0 0 0 0 0 0 0 0 0 0 0 0 0 0 0 0 0 0 0 0 0 0 0 0 0 0 0 0 0 0 0 0 0 0 0 0 0 0 0 0 0 0 0 0 0 0 0 0 0 0 0 0 0 0 0 0 0 0 0 0 0 0 0 0 0 0 0 0 0 0 0 0 0 0 0 0 0 0 0 0 0 0 0 0 0 0 0 0 0 0 0 0 0 0 0 0 0 0 0 0 0 0 0 0 0 0 0 0 0 0 0 0 0 0 0 0 0 0 0 0 0 0 0 0 0 0 0 0 0 0 0 0 0 0 0 0 0 0 0 0 0 0 0 0 0 0 0 0 0 0 0 0 0 0 0 0 0 0 0 0 0 0 0 0 0 0 0 0 0 0 0 0 0 0 0 0 0 0 0 0 0 0 0 0 0 0 0 0 0 0 0 0 0 0 0 0 0 0 0 0 0 0 0 0 0 0 0 0 0 0 0 0 0 0 0 0 0 0 0 0 0 0 0 0 0 0 0 0 0 0 0 0 0 0 0 0 0 0 0 0 0 0 0 0 0 0 0 0 0 0 0 0 0 0 0 0 0 0 0 0 0 0 0 0 0 0 0 0 0 0 0 0 0 0 0 0 0 0 0 0 0 0 0 0 0 0 0 0 0 0 0 0 0 0 0 0 0 0 0 0 0 0 0 0 0 0 0 0 0 0 0 0 0 0 0 0 0 0 0 0 0 0 0 0 0 0 0 0 0 0 0 0 0 0 0 0 0 0 0 0 0 0 0 0 0 0 0 0 0 0 0 0 0 0 0 0 0 0 0 0 0 0 0 0 0 0 0 0 0 0 0 0 0 0 0 0 0 0 0 0 0 0 0 0 0 0 0 0 0 0 0 0 0 0 0 0 0 0 0 0 0 0 0 0 0 0 0 0 0 0 0 0 0 0 0 0 0 0 0 0 0 0 0 0 0 0 0 0 0 0 0 0 0 0 0 0 0 0 0 0 0 0 0 0 0 0 0 0 0 0 0 0 0 0 0 0 0 0 0 0 0 0 0 0 0 0 0 0 0 0 0 0 0 0 0 0 0 0 0 0 0 0 0 0 0 0 0 0 0 0 0 0 0 0 0 0 0 0 0 0 0 0 0 0 0 0 0 0 0 0 0 0 0 0 0 0 0 0 0 0 0 0 0 0 0 0 0 0 0 0 0 0 0 0 0 0 0 0 0 0 0 0 0 0 0 0 0 0 0 0 0 0 0 0 0 0 0 0 0 0 0 0 0 0 0 0 0 0 0 0 0 0 0 0 0 0 0 0 0 0 0 0 0 0 0 

------------------------------------------------------------------------------------------
Machine: 0 = 0 1 2 3 4 5 6 7 8 9 10 11 12 13 14 15 16 17 18 19 20 21 22 23 24 25 26 27 28 29 30 31 32 33 34 35 36 37 38 39 40 41 42 43 44 45 46 47 48 49 50 51 52 53 54 55 56 57 58 59 60 61 62 63 64 65 66 67 68 69 70 71 72 73 74 75 76 77 78 79 80 81 82 83 84 85 86 87 88 89 90 91 92 93 94 95 96 97 98 99 100 101 102 103 104 105 106 107 108 109 110 111 112 113 114 115 116 117 118 119 120 121 122 123 124 125 126 127 128 129 130 131 132 133 134 135 136 137 138 139 140 141 142 143 144 145 146 147 148 149 150 151 152 153 154 155 156 157 158 159 160 161 162 163 164 165 166 167 168 169 170 171 172 173 174 175 176 177 178 179 180 181 182 183 184 185 186 187 188 189 190 191 192 193 194 195 196 197 198 199 200 201 202 203 204 205 206 207 208 209 210 211 212 213 214 215 216 217 218 219 220 221 222 223 224 225 226 227 228 229 230 231 232 233 234 235 236 237 238 239 240 241 242 243 244 245 246 247 248 249 250 251 252 253 254 255 256 257 258 259 260 261 262 263 264 265 266 267 268 269 270 271 272 273 274 275 276 277 278 279 280 281 282 283 284 285 286 287 288 289 290 291 292 293 294 295 296 297 298 299 300 301 302 303 304 305 306 307 308 309 310 311 312 313 314 315 316 317 318 319 320 321 322 323 324 325 326 327 328 329 330 331 332 333 334 335 336 337 338 339 340 341 342 343 344 345 346 347 348 349 350 351 352 353 354 355 356 357 358 359 360 361 362 363 364 365 366 367 368 369 370 371 372 373 374 375 376 377 378 379 380 381 382 383 384 385 386 387 388 389 390 391 392 393 394 395 396 397 398 399 400 401 402 403 404 405 406 407 408 409 410 411 412 413 414 415 416 417 418 419 420 421 422 423 424 425 426 427 428 429 430 431 432 433 434 435 436 437 438 439 440 441 442 443 444 445 446 447 448 449 450 451 452 453 454 455 456 457 458 459 460 461 462 463 464 465 466 467 468 469 470 471 472 473 474 475 476 477 478 479 480 481 482 483 484 485 486 487 488 489 490 491 492 493 494 495 496 497 498 499 500 501 502 503 504 505 506 507 508 509 510 511 512 513 514 515 516 517 518 519 520 521 522 523 524 525 526 527 528 529 530 531 532 533 534 535 536 537 538 539 540 541 542 543 544 545 546 547 548 549 550 551 552 553 554 555 556 557 558 559 560 561 562 563 564 565 566 567 568 569 570 571 572 573 574 575 576 577 578 579 580 581 582 583 584 585 586 587 588 589 590 591 592 593 594 595 596 597 598 599 600 601 602 603 604 605 606 607 608 609 610 611 612 613 614 615 616 617 618 619 620 621 622 623 624 625 626 627 628 629 630 631 632 633 634 635 636 637 638 639 640 641 642 643 644 645 646 647 648 649 650 651 652 653 654 655 656 657 658 659 660 661 662 663 664 665 666 667 668 669 670 671 672 673 674 675 676 677 678 679 680 681 682 683 684 685 686 687 688 689 690 691 692 693 694 695 696 697 698 699 700 701 702 703 704 705 706 707 708 709 710 711 712 713 714 715 716 717 
------------------------------------------------------------------------------------------

Job Processado: 0 | Processing Time: 46 | Priority: 1 | Count Mudanças Magazine: 127
Minuto do Dia: 46/1440 | Hora: 0/24
Dia Atual: 0/7

Magazine: 15 16 17 19 22 24 25 26 27 29 30 34 35 37 38 40 41 42 43 45 46 48 49 50 52 53 54 55 56 59 60 61 68 76 77 144 145 177 178 179 180 181 182 183 184 203 206 225 228 229 233 259 261 262 263 264 278 279 280 281 282 302 307 380 381 446 592 594 595 627 632 635 778 779 780 781 782 783 784 785 786 787 788 789 790 791 792 793 794 795 796 797 798 799 800 801 802 803 804 805 806 807 808 809 810 811 812 813 814 815 816 817 818 819 820 821 822 823 824 825 826 827 828 829 1155 1416 1424 

Job Processado: 1 | Processing Time: 147 | Priority: 1 | Count Mudanças Magazine: 0
Minuto do Dia: 193/1440 | Hora: 3/24
Dia Atual: 0/7

Magazine: 15 16 17 19 22 24 25 26 27 29 30 34 35 37 38 40 41 42 43 45 46 48 49 50 52 53 54 55 56 59 60 61 68 76 77 144 145 177 178 179 180 181 182 183 184 203 206 225 228 229 233 259 261 262 263 264 278 280 282 302 307 380 381 446 592 594 595 627 632 635 778 779 780 781 782 783 784 785 786 787 788 789 790 791 792 793 794 795 796 797 798 799 800 801 802 803 804 805 806 807 808 809 810 811 812 813 814 815 816 817 818 819 820 821 822 823 824 825 826 827 828 829 1155 1416 1424 

Job Processado: 2 | Processing Time: 47 | Priority: 1 | Count Mudanças Magazine: 0
Minuto do Dia: 240/1440 | Hora: 4/24
Dia Atual: 0/7

Magazine: 15 16 17 19 22 24 25 26 27 29 30 34 35 37 38 40 41 42 43 45 46 48 49 50 52 53 54 55 56 59 60 61 68 76 77 144 145 177 178 179 180 181 182 183 184 203 206 225 228 229 233 259 261 262 263 264 278 280 282 302 307 380 381 446 592 594 595 627 632 635 778 779 780 781 782 783 784 785 786 787 788 789 790 791 792 793 794 795 796 797 798 799 800 801 802 803 804 805 806 807 808 809 810 811 812 813 814 815 816 817 818 819 820 821 822 823 824 825 826 827 828 829 1155 1416 1424 

Job Processado: 3 | Processing Time: 49 | Priority: 1 | Count Mudanças Magazine: 0
Minuto do Dia: 289/1440 | Hora: 4/24
Dia Atual: 0/7

Magazine: 15 16 17 19 22 24 25 26 27 29 30 34 35 37 38 40 41 42 43 45 46 48 49 50 52 53 54 55 56 59 60 61 68 76 77 144 145 177 178 179 180 181 182 183 184 203 206 225 228 229 233 259 261 262 263 264 278 280 282 302 307 380 381 446 592 594 595 627 632 635 778 779 780 781 782 783 784 785 786 787 788 789 790 791 792 793 794 795 796 797 798 799 800 801 802 803 804 805 806 807 808 809 810 811 812 813 814 815 816 817 818 819 820 821 822 823 824 825 826 827 828 829 1155 1416 1424 

Job Processado: 4 | Processing Time: 97 | Priority: 1 | Count Mudanças Magazine: 0
Minuto do Dia: 386/1440 | Hora: 6/24
Dia Atual: 0/7

Magazine: 15 16 17 19 22 24 25 26 27 29 30 34 35 37 38 40 41 42 43 45 46 48 49 50 52 53 54 55 56 59 60 61 68 76 77 144 145 177 178 179 180 181 182 183 184 203 206 225 228 229 233 259 261 262 263 264 278 280 282 302 307 380 381 446 592 594 595 627 632 635 778 779 780 781 782 783 784 785 786 787 788 789 790 791 792 793 794 795 796 797 798 799 800 801 802 803 804 805 806 807 808 809 810 811 812 813 814 815 816 817 818 819 820 821 822 823 824 825 826 827 828 829 1155 1416 1424 

Job Processado: 5 | Processing Time: 131 | Priority: 1 | Count Mudanças Magazine: 0
Minuto do Dia: 517/1440 | Hora: 8/24
Dia Atual: 0/7

Magazine: 15 16 17 19 22 24 25 26 27 29 30 34 35 37 38 40 41 42 43 45 46 48 49 50 52 53 54 55 56 59 60 61 68 76 77 144 145 177 178 179 180 181 182 183 184 203 206 225 228 229 233 259 261 262 263 264 278 280 282 302 307 380 381 446 592 594 595 627 632 635 778 779 780 781 782 783 784 785 786 787 788 789 790 791 792 793 794 795 796 797 798 799 800 801 802 803 804 805 806 807 808 809 810 811 812 813 814 815 816 817 818 819 820 821 822 823 824 825 826 827 828 829 1155 1416 1424 

Job Processado: 6 | Processing Time: 174 | Priority: 1 | Count Mudanças Magazine: 0
Minuto do Dia: 691/1440 | Hora: 11/24
Dia Atual: 0/7

Magazine: 15 16 17 19 22 24 25 26 27 29 30 34 35 37 38 40 41 42 43 45 46 48 49 50 52 53 54 55 56 59 60 61 68 76 77 144 145 177 178 179 180 181 182 183 184 203 206 225 228 229 233 259 261 262 263 264 278 280 282 302 307 380 381 446 592 594 595 627 632 635 778 779 780 781 782 783 784 785 786 787 788 789 790 791 792 793 794 795 796 797 798 799 800 801 802 803 804 805 806 807 808 809 810 811 812 813 814 815 816 817 818 819 820 821 822 823 824 825 826 827 828 829 1155 1416 1424 

Job Processado: 7 | Processing Time: 77 | Priority: 1 | Count Mudanças Magazine: 3
Minuto do Dia: 768/1440 | Hora: 12/24
Dia Atual: 0/7

Magazine: 15 16 17 19 22 24 25 26 27 29 30 34 35 37 38 40 41 42 43 45 46 48 49 50 52 53 54 55 56 59 60 61 68 76 77 144 145 177 178 179 180 181 182 183 184 203 206 225 228 229 233 259 261 262 263 280 282 302 307 380 381 496 592 594 595 627 632 635 778 779 780 781 782 783 784 785 786 787 788 789 790 791 792 793 794 795 796 797 798 799 800 801 802 803 804 805 806 807 808 809 810 811 812 813 814 815 816 817 818 819 820 821 822 823 824 825 826 827 828 829 1141 1155 1156 1416 1424 

Job Processado: 8 | Processing Time: 103 | Priority: 1 | Count Mudanças Magazine: 6
Minuto do Dia: 103/1440 | Hora: 1/24
Dia Atual: 1/7

Magazine: 15 16 17 19 22 24 25 26 27 29 30 34 35 37 38 40 41 42 43 45 46 48 49 50 52 53 54 55 56 58 59 60 61 68 76 77 144 145 177 178 179 180 181 182 183 184 206 225 228 229 233 259 261 262 280 282 302 307 380 381 425 496 551 592 594 595 627 632 635 778 779 780 781 782 783 784 785 786 787 788 789 790 791 792 793 794 795 796 797 798 799 800 801 802 803 804 805 806 807 808 809 810 811 812 813 814 815 816 817 818 819 820 821 822 823 824 825 826 827 828 829 977 1011 1047 1155 1156 1416 

Job Processado: 9 | Processing Time: 53 | Priority: 1 | Count Mudanças Magazine: 1
Minuto do Dia: 156/1440 | Hora: 2/24
Dia Atual: 1/7

Magazine: 15 16 17 19 22 24 25 26 27 29 30 34 35 37 38 40 41 42 43 45 46 48 49 50 52 53 54 55 56 58 59 60 61 68 76 77 144 145 177 178 179 180 181 182 183 184 206 225 228 229 233 259 260 261 262 280 282 302 307 380 381 425 496 551 592 594 595 627 632 635 778 779 780 781 782 783 784 785 786 787 788 789 790 791 792 793 794 795 796 797 798 799 800 801 802 803 804 805 806 807 808 809 810 811 812 813 814 815 816 817 818 819 820 821 822 823 824 825 826 827 828 829 977 1011 1155 1156 1416 

Job Processado: 10 | Processing Time: 51 | Priority: 1 | Count Mudanças Magazine: 12
Minuto do Dia: 207/1440 | Hora: 3/24
Dia Atual: 1/7

Magazine: 15 16 17 19 21 22 24 25 26 27 29 30 34 35 37 38 40 41 42 43 45 46 48 49 50 52 53 54 55 56 57 58 59 60 61 66 68 72 76 77 144 145 177 178 179 180 183 184 206 225 228 229 233 259 261 262 282 302 307 380 381 425 592 594 595 627 632 635 778 779 780 781 782 783 784 785 786 787 788 789 790 791 792 793 794 795 796 797 798 799 800 801 802 803 804 805 806 807 808 809 810 811 812 813 814 815 816 817 818 819 820 821 822 823 824 825 882 883 884 885 886 887 888 889 977 1011 1416 

Job Processado: 11 | Processing Time: 90 | Priority: 1 | Count Mudanças Magazine: 5
Minuto do Dia: 297/1440 | Hora: 4/24
Dia Atual: 1/7

Magazine: 15 16 17 19 21 22 24 25 26 27 29 30 34 35 36 37 38 40 41 42 43 45 46 48 49 50 52 53 54 55 56 57 58 59 60 61 66 68 72 76 77 144 145 177 178 179 180 183 184 206 225 228 229 233 259 261 262 282 302 307 380 381 425 592 594 595 627 632 635 658 659 660 661 778 779 780 781 782 783 784 785 786 787 788 789 790 791 792 793 794 795 796 797 798 799 800 801 802 803 804 805 806 807 808 809 810 811 812 813 814 815 816 817 818 819 820 821 822 823 824 825 882 887 977 1011 1416 

Job Processado: 12 | Processing Time: 94 | Priority: 1 | Count Mudanças Magazine: 16
Minuto do Dia: 391/1440 | Hora: 6/24
Dia Atual: 1/7

Magazine: 15 16 17 19 21 22 24 25 26 27 28 29 30 34 35 36 37 38 40 41 42 43 44 45 46 48 49 50 51 52 53 54 55 56 57 58 59 60 61 66 68 74 76 77 144 145 177 178 179 180 183 184 206 225 228 229 233 259 261 262 282 302 307 364 380 381 415 425 449 456 471 472 473 474 475 476 477 592 594 595 627 632 635 778 779 780 781 782 783 784 785 786 787 788 789 790 791 792 793 794 795 796 797 798 799 800 801 802 803 804 805 806 807 808 809 810 811 812 813 814 815 816 817 977 1011 1157 1416 

Job Processado: 13 | Processing Time: 34 | Priority: 1 | Count Mudanças Magazine: 41
Minuto do Dia: 425/1440 | Hora: 7/24
Dia Atual: 1/7

Magazine: 2 5 6 15 16 17 19 21 22 24 25 26 27 28 29 30 34 35 36 37 38 40 41 42 43 44 45 46 48 49 50 51 52 53 54 55 56 57 58 59 60 61 66 68 74 76 77 95 135 144 145 177 178 179 180 183 184 206 225 228 229 233 259 261 262 282 288 302 307 380 381 390 393 395 425 592 594 595 627 632 635 778 779 780 781 782 783 784 785 786 787 788 838 854 927 948 949 977 1011 1050 1052 1053 1060 1159 1231 1358 1359 1360 1361 1362 1363 1364 1365 1366 1367 1368 1369 1370 1371 1372 1373 1374 1375 1376 1377 1378 1416 

Job Processado: 14 | Processing Time: 5 | Priority: 1 | Count Mudanças Magazine: 4
Minuto do Dia: 430/1440 | Hora: 7/24
Dia Atual: 1/7

Magazine: 2 5 6 15 16 17 19 21 22 24 25 26 27 28 29 30 34 35 36 37 38 40 41 42 43 44 45 46 48 49 50 51 52 53 54 55 56 57 58 59 60 61 66 68 74 76 77 95 135 144 145 177 178 179 180 183 184 206 225 228 229 233 245 259 261 262 282 288 302 307 376 377 378 380 381 390 393 395 425 592 594 595 627 632 635 778 779 780 781 782 783 784 838 854 927 948 949 977 1011 1050 1052 1053 1060 1159 1231 1358 1359 1360 1361 1362 1363 1364 1365 1366 1367 1368 1369 1370 1371 1372 1373 1374 1375 1376 1377 1378 1416 

Job Processado: 15 | Processing Time: 74 | Priority: 1 | Count Mudanças Magazine: 23
Minuto do Dia: 504/1440 | Hora: 8/24
Dia Atual: 1/7

Magazine: 2 5 6 15 16 17 19 21 22 24 25 26 27 29 34 35 36 37 38 40 41 42 43 44 45 46 48 49 50 51 52 53 54 55 56 57 58 59 60 61 68 76 77 86 90 95 135 144 145 177 178 180 184 225 228 229 233 245 259 261 262 276 288 307 337 380 381 390 393 395 425 588 592 594 595 769 838 841 843 844 854 858 927 948 949 1011 1050 1052 1053 1060 1070 1071 1072 1073 1074 1075 1076 1077 1078 1079 1080 1081 1082 1159 1231 1358 1359 1360 1361 1362 1363 1364 1365 1366 1367 1368 1369 1370 1371 1372 1373 1374 1375 1376 1377 1378 1416 

Job Processado: 16 | Processing Time: 64 | Priority: 1 | Count Mudanças Magazine: 68
Minuto do Dia: 568/1440 | Hora: 9/24
Dia Atual: 1/7

Magazine: 2 5 6 15 16 34 41 42 43 44 45 95 135 144 177 180 262 267 272 273 287 288 289 290 291 295 303 305 306 307 308 313 380 381 390 393 395 434 442 592 594 595 838 854 890 891 892 893 894 895 896 897 898 899 900 901 902 903 904 905 906 907 908 909 910 911 912 913 914 915 916 917 918 919 920 921 922 923 924 925 926 927 928 929 930 931 932 933 934 935 936 937 938 939 940 941 942 943 948 949 1050 1052 1053 1060 1159 1231 1358 1359 1360 1361 1362 1363 1364 1365 1366 1367 1368 1369 1370 1371 1372 1373 1374 1375 1376 1377 1378 

Job Processado: 17 | Processing Time: 34 | Priority: 1 | Count Mudanças Magazine: 0
Minuto do Dia: 602/1440 | Hora: 10/24
Dia Atual: 1/7

Magazine: 2 5 6 15 16 34 41 42 43 44 45 95 135 144 177 180 262 267 272 273 287 288 289 290 291 295 303 305 306 307 308 313 380 381 390 393 395 434 442 592 594 595 838 854 890 891 892 893 894 895 896 897 898 899 900 901 902 903 904 905 906 907 908 909 910 911 912 913 914 915 916 917 918 919 920 921 922 923 924 925 926 927 928 929 930 931 932 933 934 935 936 937 938 939 940 941 942 943 948 949 1050 1052 1053 1060 1159 1231 1358 1359 1360 1361 1362 1363 1364 1365 1366 1367 1368 1369 1370 1371 1372 1373 1374 1375 1376 1377 1378 

Job Processado: 18 | Processing Time: 127 | Priority: 1 | Count Mudanças Magazine: 6
Minuto do Dia: 729/1440 | Hora: 12/24
Dia Atual: 1/7

Magazine: 2 5 6 15 16 34 41 42 43 44 45 95 135 144 177 180 262 267 272 273 287 288 289 290 291 295 303 305 306 307 308 312 313 379 380 381 384 385 390 393 395 434 442 592 593 594 595 596 838 854 890 891 892 893 894 895 896 897 898 899 900 901 902 903 904 905 906 907 908 909 910 911 912 913 914 915 916 917 918 919 920 921 922 923 924 925 926 927 928 929 930 931 932 933 934 935 936 937 938 939 940 941 942 943 948 949 1050 1052 1053 1060 1159 1231 1358 1359 1360 1361 1362 1363 1364 1365 1366 1367 1368 1369 1370 1371 1372 

Job Processado: 19 | Processing Time: 68 | Priority: 1 | Count Mudanças Magazine: 16
Minuto do Dia: 68/1440 | Hora: 1/24
Dia Atual: 2/7

Magazine: 2 5 6 15 16 34 41 42 43 44 45 63 95 135 144 177 180 190 249 262 267 272 273 287 288 289 290 291 295 303 305 306 307 308 312 313 379 380 381 384 385 390 393 395 434 442 480 533 592 593 594 595 596 737 854 890 891 892 893 894 895 896 897 898 899 900 901 902 903 904 905 906 907 908 909 910 911 912 913 914 915 916 917 918 919 920 921 922 923 924 925 926 927 928 929 930 931 932 933 934 935 936 937 938 939 940 941 942 943 948 949 955 956 957 958 959 960 961 962 963 964 1052 1053 1159 1231 1358 1359 

Job Processado: 20 | Processing Time: 26 | Priority: 1 | Count Mudanças Magazine: 36
Minuto do Dia: 94/1440 | Hora: 1/24
Dia Atual: 2/7

Magazine: 2 5 6 15 16 17 18 19 20 21 22 23 24 25 26 34 35 36 37 38 39 40 41 42 43 44 45 46 48 49 50 51 52 53 54 55 56 57 58 59 60 61 63 95 135 144 177 180 190 249 262 267 272 273 287 288 289 290 291 295 303 305 306 307 308 312 313 379 380 381 384 385 390 393 395 421 425 434 442 480 533 592 593 594 595 596 737 854 890 891 892 893 894 895 896 897 898 899 900 901 902 903 904 905 921 922 936 940 948 949 955 956 957 958 959 960 961 962 963 964 1011 1052 1053 1159 1231 1261 1262 

Job Processado: 21 | Processing Time: 175 | Priority: 1 | Count Mudanças Magazine: 33
Minuto do Dia: 269/1440 | Hora: 4/24
Dia Atual: 2/7

Magazine: 2 5 6 15 16 17 18 19 20 21 22 23 24 25 26 34 35 36 37 38 39 40 41 42 43 44 45 46 48 49 50 51 52 53 54 55 56 57 58 59 60 61 95 135 144 145 177 180 190 225 226 227 228 229 231 233 234 240 242 243 245 259 261 262 265 266 267 268 272 273 276 277 283 284 285 286 287 288 289 290 291 292 293 294 295 296 297 298 299 300 301 303 305 306 307 308 312 313 379 380 381 384 385 390 393 395 421 425 434 442 533 592 593 594 595 596 854 902 948 949 1011 1052 1053 1159 1231 1261 1262 

Job Processado: 22 | Processing Time: 156 | Priority: 1 | Count Mudanças Magazine: 5
Minuto do Dia: 425/1440 | Hora: 7/24
Dia Atual: 2/7

Magazine: 2 5 6 15 16 17 18 19 20 21 22 23 24 25 26 27 29 34 35 36 37 38 39 40 41 42 43 44 45 46 48 49 50 51 52 53 54 55 56 57 58 59 60 61 68 76 77 95 135 144 145 177 180 190 225 226 227 228 229 231 233 234 240 242 243 245 259 261 262 265 266 267 268 272 273 276 277 283 284 285 286 287 288 289 290 291 292 295 301 303 305 306 307 308 312 313 379 380 381 384 385 390 393 395 421 425 434 442 533 592 593 594 595 596 854 902 948 949 1011 1052 1053 1159 1231 1261 1262 

Job Processado: 23 | Processing Time: 163 | Priority: 1 | Count Mudanças Magazine: 6
Minuto do Dia: 588/1440 | Hora: 9/24
Dia Atual: 2/7

Magazine: 2 5 6 15 16 17 18 19 20 21 22 23 24 25 26 27 29 34 35 36 37 38 39 40 41 42 43 44 45 46 48 49 50 51 52 53 54 55 56 57 58 59 60 61 68 76 77 95 135 144 145 177 178 180 184 190 225 226 227 228 229 231 233 234 240 242 243 245 261 262 265 266 267 268 272 273 276 277 286 287 288 289 290 291 295 301 303 305 306 307 308 312 313 315 323 379 380 381 384 385 390 393 395 421 425 434 442 533 592 593 594 595 596 854 902 948 949 1011 1052 1053 1159 1231 1261 1262 1416 1417 

Job Processado: 24 | Processing Time: 144 | Priority: 1 | Count Mudanças Magazine: 12
Minuto do Dia: 732/1440 | Hora: 12/24
Dia Atual: 2/7

Magazine: 2 5 6 15 16 17 18 19 20 21 22 23 24 25 26 27 29 34 35 36 37 38 39 40 41 42 43 44 45 46 48 49 50 51 52 53 54 55 56 57 58 59 60 61 68 74 76 77 95 135 144 145 177 178 180 184 190 225 226 228 229 231 233 234 261 262 265 266 267 268 272 273 276 277 287 288 289 301 303 305 306 307 308 312 313 315 323 379 380 381 384 385 390 393 395 421 425 434 442 448 533 592 593 594 595 596 722 854 902 948 949 1011 1052 1053 1083 1084 1085 1086 1087 1088 1089 1090 1091 1159 1231 1261 1262 

Job Processado: 25 | Processing Time: 178 | Priority: 1 | Count Mudanças Magazine: 30
Minuto do Dia: 178/1440 | Hora: 2/24
Dia Atual: 3/7

Magazine: 2 4 5 6 15 16 17 18 19 20 21 22 23 24 25 26 27 29 34 35 36 37 38 39 40 41 42 43 44 45 46 48 49 50 51 52 53 54 55 56 57 58 59 60 61 68 76 77 88 89 95 135 144 177 178 180 184 190 225 226 228 261 262 265 266 267 268 272 276 305 307 312 313 323 337 379 380 381 384 385 390 393 395 421 425 442 592 593 594 595 596 670 762 763 764 765 766 767 769 773 834 844 852 853 854 944 945 946 947 948 949 1011 1019 1043 1052 1053 1073 1159 1231 1261 1262 1352 1353 1354 1355 1356 1357 

Job Processado: 26 | Processing Time: 49 | Priority: 1 | Count Mudanças Magazine: 0
Minuto do Dia: 227/1440 | Hora: 3/24
Dia Atual: 3/7

Magazine: 2 4 5 6 15 16 17 18 19 20 21 22 23 24 25 26 27 29 34 35 36 37 38 39 40 41 42 43 44 45 46 48 49 50 51 52 53 54 55 56 57 58 59 60 61 68 76 77 88 89 95 135 144 177 178 180 184 190 225 226 228 261 262 265 266 267 268 272 276 305 307 312 313 323 337 379 380 381 384 385 390 393 395 421 425 442 592 593 594 595 596 670 762 763 764 765 766 767 769 773 834 844 852 853 854 944 945 946 947 948 949 1011 1019 1043 1052 1053 1073 1159 1231 1261 1262 1352 1353 1354 1355 1356 1357 

Job Processado: 27 | Processing Time: 51 | Priority: 1 | Count Mudanças Magazine: 0
Minuto do Dia: 278/1440 | Hora: 4/24
Dia Atual: 3/7

Magazine: 2 4 5 6 15 16 17 18 19 20 21 22 23 24 25 26 27 29 34 35 36 37 38 39 40 41 42 43 44 45 46 48 49 50 51 52 53 54 55 56 57 58 59 60 61 76 88 89 95 135 144 177 178 180 184 190 225 226 228 261 262 265 266 267 268 272 276 305 307 312 313 323 337 379 380 381 384 385 390 393 395 421 425 442 592 593 594 595 596 670 762 763 764 765 766 767 769 773 834 844 852 853 854 944 945 946 947 948 949 1011 1019 1043 1052 1053 1073 1159 1231 1261 1262 1352 1353 1354 1355 1356 1357 

Job Processado: 28 | Processing Time: 78 | Priority: 1 | Count Mudanças Magazine: 23
Minuto do Dia: 356/1440 | Hora: 5/24
Dia Atual: 3/7

Magazine: 2 4 5 6 15 16 17 18 19 20 21 22 23 24 25 26 27 29 34 35 36 37 38 39 40 41 42 43 44 45 46 48 49 50 51 52 53 54 55 56 57 58 59 60 61 88 89 95 135 144 177 178 180 184 190 225 226 262 272 276 282 305 307 312 313 323 337 379 380 381 384 385 390 393 395 421 422 425 442 469 502 594 627 628 635 762 763 764 765 766 767 769 773 834 844 854 944 945 946 947 948 949 968 1011 1019 1052 1053 1159 1231 1261 1262 1307 1352 1382 1383 1384 1385 1386 1387 1388 1389 1390 1391 1392 1393 1394 1395 

Job Processado: 29 | Processing Time: 120 | Priority: 1 | Count Mudanças Magazine: 27
Minuto do Dia: 476/1440 | Hora: 7/24
Dia Atual: 3/7

Magazine: 2 4 5 6 15 16 17 18 19 20 21 22 23 24 25 26 27 29 34 35 36 37 38 39 40 41 42 43 44 45 46 48 49 50 51 52 53 54 55 56 57 58 59 60 61 66 88 89 95 135 144 154 155 156 157 158 159 160 161 162 163 164 165 166 167 168 171 172 174 177 178 180 184 190 225 226 251 252 253 254 255 256 257 258 262 272 276 305 307 312 313 323 337 379 380 381 384 385 390 393 395 421 422 425 442 594 627 628 635 762 763 764 765 766 767 769 773 844 944 945 1011 1052 1053 1159 1231 1261 1262 

Job Processado: 30 | Processing Time: 44 | Priority: 1 | Count Mudanças Magazine: 16
Minuto do Dia: 520/1440 | Hora: 8/24
Dia Atual: 3/7

Magazine: 2 4 5 6 15 16 17 18 19 20 21 22 23 24 25 26 27 29 34 35 36 37 38 39 40 41 42 43 44 45 46 48 49 50 51 52 53 54 55 56 57 58 59 60 61 88 89 95 135 142 144 154 155 156 157 158 159 160 161 162 163 164 177 178 180 184 190 225 226 230 241 262 272 276 305 307 312 313 323 337 379 380 381 384 385 390 391 392 393 394 395 396 397 398 399 400 401 402 403 404 405 421 422 425 442 594 627 628 635 762 763 764 765 766 767 769 773 844 944 945 1011 1052 1053 1159 1231 1261 1262 

Job Processado: 31 | Processing Time: 125 | Priority: 1 | Count Mudanças Magazine: 7
Minuto do Dia: 645/1440 | Hora: 10/24
Dia Atual: 3/7

Magazine: 2 4 5 6 15 16 17 18 19 20 21 22 23 24 25 26 27 29 34 35 36 37 38 39 40 41 42 43 44 45 46 48 49 50 51 52 53 54 55 56 57 58 59 60 61 88 89 95 110 111 135 142 144 154 155 156 157 158 159 160 161 162 163 164 177 178 180 184 190 225 262 272 276 305 307 312 313 323 337 379 380 381 384 385 390 391 392 393 394 395 396 397 398 399 400 401 421 422 425 442 594 627 628 635 762 763 764 765 766 767 769 773 844 944 945 977 1011 1052 1053 1063 1159 1231 1261 1262 1425 1426 1427 

Job Processado: 32 | Processing Time: 76 | Priority: 1 | Count Mudanças Magazine: 11
Minuto do Dia: 721/1440 | Hora: 12/24
Dia Atual: 3/7

Magazine: 2 4 5 6 15 16 17 18 19 20 21 22 23 24 25 26 27 29 34 35 36 37 38 39 40 41 42 43 44 45 46 48 49 50 51 52 53 54 55 56 57 58 59 60 61 88 89 90 95 110 111 135 142 144 154 155 156 157 158 159 160 161 162 163 164 177 178 180 184 190 225 262 272 276 305 307 312 313 323 337 379 380 381 384 385 390 391 392 394 395 421 422 425 442 594 627 628 635 762 763 764 765 766 767 769 773 831 844 858 862 944 945 1011 1052 1053 1063 1159 1198 1199 1200 1201 1202 1203 1214 1231 1261 1262 

Job Processado: 33 | Processing Time: 69 | Priority: 1 | Count Mudanças Magazine: 9
Minuto do Dia: 69/1440 | Hora: 1/24
Dia Atual: 4/7

Magazine: 1 2 3 4 5 6 7 8 9 10 11 12 13 15 16 17 18 19 20 21 22 23 24 25 26 27 29 34 35 36 37 38 39 40 41 42 43 44 45 46 48 49 50 51 52 53 54 55 56 57 58 59 60 61 88 89 90 95 110 111 135 144 154 155 156 157 158 159 160 177 178 180 184 190 225 262 272 276 305 307 312 313 323 337 379 380 381 384 385 390 394 421 422 425 442 594 627 628 635 762 763 764 765 766 767 769 773 831 844 858 862 944 945 1011 1052 1053 1159 1198 1199 1200 1201 1202 1203 1214 1231 1261 1262 

Job Processado: 34 | Processing Time: 151 | Priority: 1 | Count Mudanças Magazine: 0
Minuto do Dia: 220/1440 | Hora: 3/24
Dia Atual: 4/7

Magazine: 1 2 3 4 5 6 7 8 9 10 11 12 13 15 16 17 18 19 20 21 22 23 24 25 26 27 29 34 35 36 37 38 39 40 41 42 43 44 45 46 48 49 50 51 52 53 54 55 56 57 58 59 60 61 88 89 90 95 110 111 135 144 154 155 156 157 158 159 160 177 178 180 184 190 225 262 272 276 305 307 312 313 323 337 379 380 381 384 385 390 394 421 422 425 442 594 627 628 635 762 763 764 765 766 767 769 773 831 844 858 862 944 945 1011 1052 1053 1159 1198 1199 1200 1201 1202 1203 1214 1231 1261 1262 

Job Processado: 35 | Processing Time: 26 | Priority: 1 | Count Mudanças Magazine: 0
Minuto do Dia: 246/1440 | Hora: 4/24
Dia Atual: 4/7

Magazine: 1 2 3 4 5 6 7 8 9 10 11 12 13 15 16 17 18 19 20 21 22 23 24 25 26 27 29 34 35 36 37 38 39 40 41 42 43 44 45 46 48 49 50 51 52 53 54 55 56 57 58 59 60 61 88 89 90 95 110 111 135 144 154 155 156 157 158 159 160 177 178 180 184 190 225 262 272 276 305 307 312 313 323 337 379 380 381 384 385 390 394 421 422 425 442 594 627 628 635 762 763 764 765 766 767 769 773 831 844 858 862 944 945 1011 1052 1053 1159 1198 1199 1200 1201 1202 1203 1214 1231 1261 1262 

Job Processado: 36 | Processing Time: 25 | Priority: 1 | Count Mudanças Magazine: 9
Minuto do Dia: 271/1440 | Hora: 4/24
Dia Atual: 4/7

Magazine: 1 2 3 4 5 6 7 8 9 10 11 12 13 15 16 17 18 19 20 21 22 23 24 25 26 27 29 30 34 35 36 37 38 39 40 41 42 43 44 45 46 48 49 50 51 52 53 54 55 56 57 58 59 60 61 88 89 90 95 110 111 135 144 154 155 177 178 180 184 190 225 262 272 276 305 307 312 313 323 337 379 380 381 384 385 390 394 421 422 427 442 485 578 594 627 628 635 762 763 764 765 766 767 769 773 831 844 858 862 864 865 866 867 868 944 945 1052 1053 1159 1198 1199 1200 1201 1202 1203 1214 1231 

Job Processado: 37 | Processing Time: 170 | Priority: 1 | Count Mudanças Magazine: 11
Minuto do Dia: 441/1440 | Hora: 7/24
Dia Atual: 4/7

Magazine: 1 2 3 4 5 6 7 8 9 10 11 12 15 16 17 18 19 20 21 22 23 24 25 26 27 29 30 34 35 36 37 38 39 40 41 42 43 46 48 49 50 51 52 53 54 55 59 60 61 71 88 89 90 95 135 144 177 178 180 184 225 262 272 276 305 307 312 313 323 337 379 380 381 384 385 390 394 421 422 424 426 427 442 483 485 578 594 627 628 635 762 763 764 765 766 767 769 773 831 844 858 862 864 865 866 867 868 944 945 973 1013 1052 1053 1159 1193 1194 1195 1196 1197 1198 1199 1200 1201 1202 1203 1214 1231 

Job Processado: 38 | Processing Time: 146 | Priority: 1 | Count Mudanças Magazine: 4
Minuto do Dia: 587/1440 | Hora: 9/24
Dia Atual: 4/7

Magazine: 1 2 3 4 5 6 7 8 15 16 17 18 19 20 21 22 23 24 25 26 27 29 30 34 35 36 37 38 39 40 41 42 43 46 48 49 50 51 52 53 54 55 59 60 61 71 81 82 83 85 88 89 90 95 135 144 177 178 180 184 225 262 272 276 305 307 312 313 323 337 379 380 381 384 385 390 394 421 422 424 426 427 442 483 485 578 594 627 628 635 762 763 764 765 766 767 769 773 831 844 858 862 864 865 866 867 868 944 945 973 1013 1052 1053 1159 1193 1194 1195 1196 1197 1198 1199 1200 1201 1202 1203 1214 1231 

Job Processado: 39 | Processing Time: 36 | Priority: 1 | Count Mudanças Magazine: 2
Minuto do Dia: 623/1440 | Hora: 10/24
Dia Atual: 4/7

Magazine: 1 2 3 4 5 6 7 8 15 16 17 18 19 20 21 22 23 24 25 26 27 29 30 34 35 36 37 38 39 40 41 42 43 46 48 49 50 51 52 53 54 55 59 60 61 71 88 89 90 95 135 144 177 178 180 184 225 262 272 276 302 305 307 312 313 323 337 379 380 381 384 385 390 394 421 422 424 426 427 442 483 485 578 594 627 628 635 762 763 764 765 766 767 769 773 831 844 858 862 864 865 866 867 868 944 945 973 1013 1052 1053 1075 1159 1193 1194 1195 1196 1197 1198 1199 1200 1201 1202 1203 1214 1231 

Job Processado: 40 | Processing Time: 18 | Priority: 1 | Count Mudanças Magazine: 8
Minuto do Dia: 641/1440 | Hora: 10/24
Dia Atual: 4/7

Magazine: 1 2 4 15 16 17 18 19 20 21 22 23 24 25 26 27 29 30 34 35 36 37 38 39 40 41 42 43 46 48 49 50 51 52 53 54 55 59 60 61 71 88 89 90 95 135 144 177 178 180 184 225 262 272 276 302 305 307 312 313 323 337 379 380 381 384 385 390 394 421 422 424 426 427 442 483 485 578 594 627 628 635 644 762 763 764 765 766 767 769 773 831 844 858 862 864 865 866 867 868 944 945 973 1013 1052 1053 1159 1193 1194 1195 1196 1197 1198 1199 1200 1201 1202 1203 1214 1230 1231 1232 1233 1234 1235 1236 1237 

Job Processado: 41 | Processing Time: 144 | Priority: 1 | Count Mudanças Magazine: 6
Minuto do Dia: 785/1440 | Hora: 13/24
Dia Atual: 4/7

Magazine: 1 2 4 15 16 17 18 19 20 21 22 23 24 25 26 27 29 30 34 35 36 37 38 39 40 41 42 43 46 48 49 50 51 52 53 54 55 59 60 61 71 88 89 90 95 135 144 177 178 180 184 225 262 272 276 302 305 307 312 313 323 337 379 380 381 382 383 384 385 387 390 394 421 422 424 426 427 442 483 485 578 594 627 628 635 762 763 764 765 766 767 769 773 831 844 858 862 864 865 866 867 868 944 945 973 1013 1040 1052 1053 1159 1193 1194 1195 1196 1197 1198 1199 1200 1201 1202 1203 1214 1231 1380 1381 

Job Processado: 42 | Processing Time: 17 | Priority: 1 | Count Mudanças Magazine: 1
Minuto do Dia: 17/1440 | Hora: 0/24
Dia Atual: 5/7

Magazine: 1 2 4 15 16 17 18 19 20 21 22 23 24 25 26 27 29 30 34 35 36 37 38 39 40 41 42 43 46 48 49 50 51 52 53 54 55 59 60 61 71 88 89 90 95 135 144 177 178 179 180 184 225 262 272 276 302 305 307 312 313 323 337 379 380 381 382 383 384 385 387 390 394 421 422 424 426 427 442 483 485 578 594 627 628 635 762 763 764 765 766 767 769 773 831 844 858 862 864 865 866 867 868 944 945 973 1013 1040 1052 1053 1159 1193 1194 1195 1196 1197 1198 1199 1200 1201 1202 1203 1214 1231 1380 

Job Processado: 43 | Processing Time: 37 | Priority: 1 | Count Mudanças Magazine: 7
Minuto do Dia: 54/1440 | Hora: 0/24
Dia Atual: 5/7

Magazine: 1 2 4 15 16 17 18 19 20 21 22 23 24 25 26 27 29 30 34 35 36 37 38 39 40 41 42 43 46 48 49 50 51 52 53 54 55 59 60 61 71 88 89 90 95 144 177 178 179 180 183 184 225 262 272 276 302 304 305 307 311 312 313 323 337 379 380 381 382 383 384 385 387 390 394 421 422 424 426 427 442 483 485 578 594 627 628 635 762 763 764 765 766 767 769 773 831 844 858 862 864 865 866 867 868 944 945 973 1013 1040 1053 1128 1129 1130 1131 1193 1194 1195 1196 1197 1198 1199 1200 1201 1202 1203 1214 

Job Processado: 44 | Processing Time: 52 | Priority: 1 | Count Mudanças Magazine: 7
Minuto do Dia: 106/1440 | Hora: 1/24
Dia Atual: 5/7

Magazine: 1 2 4 15 16 17 18 19 20 21 22 23 24 25 26 27 29 30 34 35 36 37 38 39 40 41 42 43 46 48 49 50 51 52 53 54 55 59 60 61 71 88 89 90 95 144 177 178 179 180 183 184 225 262 272 276 302 304 305 307 311 312 313 323 337 379 380 381 382 383 384 421 422 424 426 427 483 485 578 594 627 628 635 762 763 764 765 766 767 769 773 831 844 858 862 864 865 866 867 868 944 945 973 1013 1032 1033 1034 1035 1036 1037 1038 1128 1129 1130 1131 1193 1194 1195 1196 1197 1198 1199 1200 1201 1202 1203 1214 

Job Processado: 45 | Processing Time: 90 | Priority: 1 | Count Mudanças Magazine: 4
Minuto do Dia: 196/1440 | Hora: 3/24
Dia Atual: 5/7

Magazine: 1 2 4 15 16 17 18 19 20 21 22 23 24 25 26 27 28 29 30 31 32 33 34 35 36 37 38 39 40 41 42 43 46 48 49 50 51 52 53 54 55 59 60 61 71 88 89 90 95 144 177 178 179 180 183 184 225 262 272 276 302 304 305 307 311 312 313 323 337 379 380 381 382 383 384 421 422 424 426 427 483 485 578 594 627 628 635 762 763 764 765 766 767 769 773 831 844 858 862 864 865 866 867 868 944 945 973 1013 1038 1128 1129 1130 1131 1193 1194 1195 1196 1197 1198 1199 1200 1201 1202 1203 1214 

Job Processado: 46 | Processing Time: 170 | Priority: 1 | Count Mudanças Magazine: 0
Minuto do Dia: 366/1440 | Hora: 6/24
Dia Atual: 5/7

Magazine: 1 2 4 15 16 17 18 19 20 21 22 23 24 25 26 27 28 29 30 31 32 33 34 35 36 37 38 39 40 41 42 43 46 48 49 50 51 52 53 54 55 59 60 61 71 88 89 90 95 144 177 178 179 180 183 184 225 262 272 276 302 304 305 307 311 312 313 323 337 379 380 381 382 383 384 421 422 424 426 427 483 485 578 594 627 628 635 762 763 764 765 766 767 769 773 831 844 858 862 864 865 866 867 868 944 945 973 1013 1038 1128 1129 1130 1131 1193 1194 1195 1196 1197 1198 1199 1200 1201 1202 1203 1214 

Job Processado: 47 | Processing Time: 174 | Priority: 1 | Count Mudanças Magazine: 54
Minuto do Dia: 540/1440 | Hora: 9/24
Dia Atual: 5/7

Magazine: 1 2 4 15 16 17 18 19 20 22 24 25 26 30 34 35 36 37 38 39 40 41 42 43 46 48 50 51 52 53 54 55 59 60 61 88 89 90 144 206 225 276 337 427 485 578 627 632 635 762 763 764 765 766 767 769 773 778 779 780 781 782 783 784 785 786 787 788 789 790 791 792 793 794 795 796 797 798 799 800 801 802 803 804 805 806 807 808 809 810 811 812 813 814 815 816 817 818 819 820 821 822 823 824 825 826 827 828 829 831 844 858 862 864 865 866 867 868 944 945 1198 1199 1200 1201 1202 1203 1214 

Job Processado: 48 | Processing Time: 25 | Priority: 1 | Count Mudanças Magazine: 0
Minuto do Dia: 565/1440 | Hora: 9/24
Dia Atual: 5/7

Magazine: 1 2 4 15 16 17 18 19 20 22 24 25 26 30 34 35 36 37 38 39 40 41 42 43 46 48 50 51 52 53 54 55 59 60 61 88 89 90 144 206 225 276 337 427 485 578 627 632 635 762 763 764 765 766 767 769 773 778 779 780 781 782 783 784 785 786 787 788 789 790 791 792 793 794 795 796 797 798 799 800 801 802 803 804 805 806 807 808 809 810 811 812 813 814 815 816 817 818 819 820 821 822 823 824 825 826 827 828 829 831 844 858 862 864 865 866 867 868 944 945 1198 1199 1200 1201 1202 1203 1214 

Job Processado: 49 | Processing Time: 159 | Priority: 1 | Count Mudanças Magazine: 21
Minuto do Dia: 724/1440 | Hora: 12/24
Dia Atual: 5/7

Magazine: 1 2 4 15 16 17 18 19 20 22 24 25 26 30 34 35 36 37 38 39 40 41 42 43 46 48 50 51 52 53 54 55 59 60 61 87 88 89 90 144 149 206 225 276 337 427 485 578 627 632 635 762 763 764 765 766 767 768 769 770 771 772 773 778 779 780 781 782 783 784 785 786 787 788 789 790 791 792 793 794 795 796 797 798 799 800 801 802 803 804 805 806 807 816 831 833 834 835 836 844 854 855 858 862 863 864 865 866 867 868 944 945 946 947 948 949 950 951 952 953 1198 1199 1200 1201 1202 1203 1214 

Job Processado: 50 | Processing Time: 169 | Priority: 1 | Count Mudanças Magazine: 18
Minuto do Dia: 169/1440 | Hora: 2/24
Dia Atual: 6/7

Magazine: 1 2 4 15 16 17 18 19 20 22 24 25 26 30 34 35 36 37 38 39 40 41 42 43 46 48 50 51 52 53 54 55 59 60 61 87 88 89 90 144 149 206 225 276 337 408 412 415 427 479 485 490 537 578 627 632 635 730 762 763 764 765 766 767 768 769 773 778 779 780 781 782 783 784 785 786 787 788 789 790 791 792 793 794 795 796 797 798 799 800 801 802 805 816 831 834 844 858 862 864 865 866 867 868 944 945 946 947 948 1155 1198 1199 1200 1201 1202 1203 1214 1432 1433 1434 1435 1436 1437 1438 1439 1440 1441 

Job Processado: 51 | Processing Time: 76 | Priority: 1 | Count Mudanças Magazine: 0
Minuto do Dia: 245/1440 | Hora: 4/24
Dia Atual: 6/7

Magazine: 1 2 4 15 16 17 18 19 20 22 24 25 26 30 34 35 36 37 38 39 40 41 42 43 46 48 50 51 52 53 54 55 59 60 61 87 88 89 90 144 149 206 225 276 337 408 412 415 427 479 485 490 537 578 627 632 635 762 763 764 765 766 767 768 769 773 778 779 780 781 782 783 784 785 786 787 788 789 790 791 792 793 794 795 796 797 798 799 800 801 802 805 816 831 834 844 858 862 864 865 866 867 868 944 945 946 947 948 1155 1198 1199 1200 1201 1202 1203 1214 1432 1433 1434 1435 1436 1437 1438 1439 1440 

Job Processado: 52 | Processing Time: 115 | Priority: 1 | Count Mudanças Magazine: 0
Minuto do Dia: 360/1440 | Hora: 6/24
Dia Atual: 6/7

Magazine: 1 2 4 15 16 17 18 19 20 22 24 25 26 30 34 35 36 37 38 39 40 41 42 43 46 48 50 51 52 53 54 55 59 60 61 87 88 89 90 144 149 206 225 276 337 408 412 415 427 479 485 490 537 578 627 632 635 762 763 764 765 766 767 768 769 773 778 779 780 781 782 783 784 785 786 787 788 789 790 791 792 793 794 795 796 797 798 799 800 801 802 805 816 831 834 844 858 862 864 865 866 867 868 944 945 946 947 948 1155 1198 1199 1200 1201 1202 1203 1214 1432 1433 1434 1435 1436 1437 1438 1439 1440 

Job Processado: 53 | Processing Time: 69 | Priority: 1 | Count Mudanças Magazine: 10
Minuto do Dia: 429/1440 | Hora: 7/24
Dia Atual: 6/7

Magazine: 1 2 3 4 5 6 7 8 9 10 11 12 13 15 16 17 18 19 20 22 24 25 26 30 34 35 36 37 38 39 40 41 42 43 46 48 50 51 52 53 54 55 59 60 61 87 88 89 90 144 149 206 225 276 337 408 412 415 427 485 490 537 578 627 632 635 762 763 764 765 766 767 768 769 773 778 779 780 781 782 783 784 785 786 787 788 789 790 791 792 793 794 795 796 797 798 799 800 801 802 805 816 831 834 844 858 862 864 865 866 867 868 944 945 946 947 948 1155 1198 1199 1200 1201 1202 1203 1214 

Job Processado: 54 | Processing Time: 178 | Priority: 1 | Count Mudanças Magazine: 12
Minuto do Dia: 607/1440 | Hora: 10/24
Dia Atual: 6/7

Magazine: 1 2 3 4 5 6 7 8 9 10 11 12 13 15 16 17 18 19 20 22 24 25 26 30 34 35 36 37 38 39 40 41 42 43 46 48 50 51 52 53 54 55 59 60 61 87 88 89 90 144 149 206 225 276 337 408 412 415 427 485 490 537 578 627 632 635 670 762 763 764 765 766 767 768 769 773 778 779 780 781 782 783 784 785 786 787 788 789 790 791 802 805 816 831 834 844 852 853 858 862 864 865 866 867 868 944 945 946 947 948 1019 1043 1073 1155 1198 1199 1200 1201 1202 1203 1214 1352 1353 1354 1355 1356 1357 

Job Processado: 55 | Processing Time: 10 | Priority: 1 | Count Mudanças Magazine: 20
Minuto do Dia: 617/1440 | Hora: 10/24
Dia Atual: 6/7

Magazine: 1 2 3 4 5 6 7 8 9 10 11 12 13 15 16 17 18 19 20 22 24 25 26 30 34 35 36 37 38 39 40 41 42 43 46 48 50 51 52 53 54 55 59 60 61 87 88 89 90 144 145 148 149 206 225 228 229 231 233 234 261 265 266 267 268 269 270 271 272 273 274 275 276 277 337 408 412 415 427 490 537 578 635 670 762 763 764 765 766 767 768 769 773 816 831 834 844 852 853 858 862 864 865 866 867 944 945 946 947 948 1019 1043 1073 1155 1198 1199 1200 1201 1202 1203 1214 1352 1353 1354 1355 1356 1357 

Job Processado: 56 | Processing Time: 87 | Priority: 1 | Count Mudanças Magazine: 93
Minuto do Dia: 704/1440 | Hora: 11/24
Dia Atual: 6/7

Magazine: 15 16 17 18 19 20 21 22 23 24 25 30 34 35 36 37 38 39 40 41 42 43 44 45 46 48 49 50 51 52 53 54 55 56 57 58 59 60 61 72 76 79 110 111 128 190 194 218 221 280 361 364 409 412 448 452 483 490 493 494 495 496 497 498 499 500 501 502 503 504 505 506 507 508 509 510 511 512 513 514 515 516 517 518 519 520 521 522 523 524 525 526 527 528 529 530 531 532 533 534 535 536 537 538 539 540 541 542 543 544 545 546 547 548 549 550 551 552 553 554 555 556 557 558 559 560 561 

Job Processado: 57 | Processing Time: 87 | Priority: 1 | Count Mudanças Magazine: 0
Minuto do Dia: 791/1440 | Hora: 13/24
Dia Atual: 6/7

Magazine: 15 16 17 18 19 20 21 22 23 24 25 30 34 35 36 37 38 39 40 41 42 43 44 45 46 48 49 50 51 52 53 54 55 56 57 58 59 60 61 72 76 79 110 111 128 190 194 218 221 280 361 364 409 412 448 452 483 490 493 494 495 496 497 498 499 500 501 502 503 504 505 506 507 508 509 510 511 512 513 514 515 516 517 518 519 520 521 522 523 524 525 526 527 528 529 530 531 532 533 534 535 536 537 538 539 540 541 542 543 544 545 546 547 548 549 550 551 552 553 554 555 556 557 558 559 560 561 

DONE
Fineshed Priority (58) : 0 1 2 3 4 5 6 7 8 9 10 11 12 13 14 15 16 17 18 19 20 21 22 23 24 25 26 27 28 29 30 31 32 33 34 35 36 37 38 39 40 41 42 43 44 45 46 47 48 49 50 51 52 53 54 55 56 57 
Unfineshed Priority (660) : 58 59 60 61 62 63 64 65 66 67 68 69 70 71 72 73 74 75 76 77 78 79 80 81 82 83 84 85 86 87 88 89 90 91 92 93 94 95 96 97 98 99 100 101 102 103 104 105 106 107 108 109 110 111 112 113 114 115 116 117 118 119 120 121 122 123 124 125 126 127 128 129 130 131 132 133 134 135 136 137 138 139 140 141 142 143 144 145 146 147 148 149 150 151 152 153 154 155 156 157 158 159 160 161 162 163 164 165 166 167 168 169 170 171 172 173 174 175 176 177 178 179 180 181 182 183 184 185 186 187 188 189 190 191 192 193 194 195 196 197 198 199 200 201 202 203 204 205 206 207 208 209 210 211 212 213 214 215 216 217 218 219 220 221 222 223 224 225 226 227 228 229 230 231 232 233 234 235 236 237 238 239 240 241 242 243 244 245 246 247 248 249 250 251 252 253 254 255 256 257 258 259 260 261 262 263 264 265 266 267 268 269 270 271 272 273 274 275 276 277 278 279 280 281 282 283 284 285 286 287 288 289 290 291 292 293 294 295 296 297 298 299 300 301 302 303 304 305 306 307 308 309 310 311 312 313 314 315 316 317 318 319 320 321 322 323 324 325 326 327 328 329 330 331 332 333 334 335 336 337 338 339 340 341 342 343 344 345 346 347 348 349 350 351 352 353 354 355 356 357 358 359 360 361 362 363 364 365 366 367 368 369 370 371 372 373 374 375 376 377 378 379 380 381 382 383 384 385 386 387 388 389 390 391 392 393 394 395 396 397 398 399 400 401 402 403 404 405 406 407 408 409 410 411 412 413 414 415 416 417 418 419 420 421 422 423 424 425 426 427 428 429 430 431 432 433 434 435 436 437 438 439 440 441 442 443 444 445 446 447 448 449 450 451 452 453 454 455 456 457 458 459 460 461 462 463 464 465 466 467 468 469 470 471 472 473 474 475 476 477 478 479 480 481 482 483 484 485 486 487 488 489 490 491 492 493 494 495 496 497 498 499 500 501 502 503 504 505 506 507 508 509 510 511 512 513 514 515 516 517 518 519 520 521 522 523 524 525 526 527 528 529 530 531 532 533 534 535 536 537 538 539 540 541 542 543 544 545 546 547 548 549 550 551 552 553 554 555 556 557 558 559 560 561 562 563 564 565 566 567 568 569 570 571 572 573 574 575 576 577 578 579 580 581 582 583 584 585 586 587 588 589 590 591 592 593 594 595 596 597 598 599 600 601 602 603 604 605 606 607 608 609 610 611 612 613 614 615 616 617 618 619 620 621 622 623 624 625 626 627 628 629 630 631 632 633 634 635 636 637 638 639 640 641 642 643 644 645 646 647 648 649 650 651 652 653 654 655 656 657 658 659 660 661 662 663 664 665 666 667 668 669 670 671 672 673 674 675 676 677 678 679 680 681 682 683 684 685 686 687 688 689 690 691 692 693 694 695 696 697 698 699 700 701 702 703 704 705 706 707 708 709 710 711 712 713 714 715 716 717 
Number of Switchs: 830
Number of Switchs Instances: 42
(30 * 58) - (1 * 830) - (10 * 42) - (30 * 660) = -19310

------------------------------------------------------------------------------------------
ALL DONE, TOTAL COST: -19310
------------------------------------------------------------------------------------------
