./input/Exemplo/Jobs.csv;./input/Exemplo/ToolSets.csv
2;720;1440
Machine: 0
1;2;0;300;1;1,2,3,4,5,6,7,8,
1;1;300;480;1;1,2,3,4,5,6,7,8,
5;1;480;840;0;1,2,4,5,6,7,8,
3;1;840;1200;0;4,5,8,9,10,11,12,13,
3;2;1440;1920;1;4,5,8,9,10,11,12,13,
3;3;1920;2520;1;4,5,8,9,10,11,12,13,
Machine: 1
6;1;0;600;1;12,13,15,16,17,18,19,
4;2;600;1140;1;12,13,14,15,16,17,18,19,
4;1;1440;1680;0;12,13,14,15,16,17,18,19,
2;2;1680;2230;1;12,13,14,15,16,17,18,19,
2;1;2230;2650;0;12,13,14,15,16,17,18,19,
END;11;6;2;0;304
TIME;4920
LOWERBOUND;4630
