ExemploArtigo/Jobs.csv;ExemploArtigo/ToolSets.csv
2;720;1440
Machine: 0 = (1,1);(1,2);(2,1);(3,1);(3,2);
1; 1; 0;    180;  0; 1,2,3,4,5,
1; 2; 180;  480;  0; 1,2,3,4,5,
2; 1; 480;  900;  0; 4,12,13,14,15,16,17,18,
3; 1; 1440; 1800; 0; 4,5,8,9,10,11,12,13,
3; 2; 1800; 2280; 0; 4,5,8,9,10,11,12,13,
END;0;0;0;0;0
Machine: 1 = (4,1);(4,2);(5,1);(6,1);
4; 1; 0;    240;  1; 12,13,14,15,16,17,18,
4; 2; 240;  780;  1; 12,13,14,15,16,17,18,
5; 1; 1440; 1800; 1; 5,6,7,15,16,17,18,
6; 1; 1800; 2400; 1; 15,16,17,18,19,20,5,
END;0;0;0;0;0
0
