MyInstances/n=75,p=0.24,r=0.5,t=650,v0.csv;ToolSetInt.csv
7;720;1440
Machine: 0
18;0;0;122;0;15,16,17,18,19,20,21,22,23,24,25,26,34,35,36,37,38,39,40,41,42,43,44,45,46,48,49,50,51,52,53,54,55,56,57,58,59,60,61,110,111,149,397,398,400,494,495,496,591,640,644,773,778,833,834,835,855,946,948,1146,1311,1423,1474,1674,2091,2677,3717,5825,6244,7294,7299,8165,8166,8170,8171,8174,8407,8426,8989,8990,
18;1;122;244;0;15,16,17,18,19,20,21,22,23,24,25,26,34,35,36,37,38,39,40,41,42,43,44,45,46,48,49,50,51,52,53,54,55,56,57,58,59,60,61,110,111,149,397,398,400,494,495,496,591,640,644,773,778,833,834,835,855,946,948,1146,1311,1423,1474,1674,2091,2677,3717,5825,6244,7294,7299,8165,8166,8170,8171,8174,8407,8426,8989,8990,
36;1;244;303;0;15,16,17,18,19,20,21,22,23,24,25,26,34,35,36,37,38,39,40,41,42,43,44,45,46,49,52,54,60,111,149,276,395,397,398,400,496,591,640,644,773,833,834,835,838,854,855,946,948,1146,1474,1483,1674,2091,2379,2645,2677,7294,7299,8165,8166,8170,8171,8174,8391,8407,8426,8427,8428,8787,8788,8968,8969,8970,8971,8972,8973,8974,8989,8990,
36;0;303;362;0;15,16,17,18,19,20,21,22,23,24,25,26,34,35,36,37,38,39,40,41,42,43,44,45,46,49,52,54,60,111,149,276,395,397,398,400,496,591,640,644,773,833,834,835,838,854,855,946,948,1146,1474,1483,1674,2091,2379,2645,2677,7294,7299,8165,8166,8170,8171,8174,8391,8407,8426,8427,8428,8787,8788,8968,8969,8970,8971,8972,8973,8974,8989,8990,
39;0;362;500;0;15,16,17,19,20,24,25,26,34,35,37,38,39,40,42,46,49,52,54,60,100,111,137,146,149,177,245,276,288,289,290,291,300,314,351,395,397,398,400,496,591,640,647,833,834,854,1095,1118,1146,1361,1417,1481,1488,1540,1668,1768,1919,1923,2091,2117,2370,2645,2910,3698,4220,5050,5185,5373,5417,5418,5419,5420,5421,5422,5423,5424,5425,5426,8165,8166,
13;0;500;668;0;7,8,15,16,17,19,20,24,25,26,34,35,37,38,39,40,42,46,49,52,54,60,100,111,137,146,149,177,245,276,288,289,290,395,398,496,591,640,647,833,834,854,895,933,1052,1118,1146,1478,1515,1811,2091,2645,2692,2695,2805,2808,2910,3443,3630,4359,4404,4428,4448,4465,6106,6596,6597,6803,7927,8034,8165,8166,8172,8368,8431,8977,9010,9011,9012,9013,
2;0;668;742;1;7,8,15,16,17,19,20,24,25,26,34,35,37,38,39,40,42,46,49,52,54,60,87,89,94,100,104,111,137,140,144,146,149,177,245,276,288,289,290,349,395,398,496,591,640,647,693,762,764,766,768,769,772,831,833,834,844,854,863,945,947,949,1019,1020,1021,1022,1023,1024,1025,1026,1027,1028,1029,1030,1031,1052,1118,1146,2645,2910,
25;0;1440;1606;0;1,7,8,15,16,17,19,20,24,25,26,34,35,37,38,39,40,42,46,49,52,54,60,87,89,94,95,100,104,111,135,137,144,288,289,292,295,395,398,404,496,647,762,764,766,768,769,831,844,854,1051,1052,1118,1146,1231,1489,1799,1816,1920,2322,2476,2645,2709,2892,2910,3250,3267,3268,3284,3711,3712,4033,4470,4472,4497,7635,8041,9199,9200,9201,
28;1;1606;1622;0;1,7,8,15,16,17,19,20,24,25,26,34,35,37,38,39,40,42,46,49,52,54,60,87,89,94,95,100,104,111,135,137,144,288,289,292,295,395,398,404,408,412,415,427,479,490,496,537,632,647,730,762,764,766,768,769,831,844,854,1051,1052,1118,1146,1155,1231,1432,1433,1434,1435,1436,1437,1438,1439,1440,1441,1489,1799,1816,1920,2645,
28;0;1622;1638;0;1,7,8,15,16,17,19,20,24,25,26,34,35,37,38,39,40,42,46,49,52,54,60,87,89,94,95,100,104,111,135,137,144,288,289,292,295,395,398,404,408,412,415,427,479,490,496,537,632,647,730,762,764,766,768,769,831,844,854,1051,1052,1118,1146,1155,1231,1432,1433,1434,1435,1436,1437,1438,1439,1440,1441,1489,1799,1816,1920,2645,
20;0;1638;1744;0;1,7,8,15,16,17,19,20,24,25,26,29,34,35,37,38,39,40,42,46,49,52,54,60,87,89,94,95,100,104,111,135,137,144,175,206,280,288,289,292,295,364,398,404,412,496,512,516,632,741,762,764,766,768,769,831,844,871,1051,1052,1146,1231,1587,2062,2063,2306,2645,2941,3345,3346,4135,4313,4314,4315,4316,4317,4318,4339,6175,6176,
46;1;1744;1922;0;8,15,17,20,24,25,26,29,34,35,38,39,40,42,46,49,52,54,60,87,89,95,111,135,144,159,206,289,398,404,581,762,764,766,769,831,871,1052,1085,1146,1231,1287,1293,1587,1651,1925,2062,2063,2273,2306,2645,2827,2879,2941,2968,3345,3346,3384,3421,3734,3851,3852,4313,4314,4315,4316,4317,4318,5779,6175,6445,6693,6861,6862,6863,6864,6865,6866,6867,6868,
46;0;1922;2100;0;8,15,17,20,24,25,26,29,34,35,38,39,40,42,46,49,52,54,60,87,89,95,111,135,144,159,206,289,398,404,581,762,764,766,769,831,871,1052,1085,1146,1231,1287,1293,1587,1651,1925,2062,2063,2273,2306,2645,2827,2879,2941,2968,3345,3346,3384,3421,3734,3851,3852,4313,4314,4315,4316,4317,4318,5779,6175,6445,6693,6861,6862,6863,6864,6865,6866,6867,6868,
10;0;2100;2252;1;8,15,17,20,24,25,26,29,34,35,38,39,40,42,46,49,52,54,60,87,89,95,111,135,144,199,200,201,202,203,204,205,206,207,208,209,210,211,212,213,214,215,216,217,218,219,220,221,222,223,224,289,398,404,762,764,766,769,831,871,1052,1085,1146,1231,1287,1293,1587,2062,2063,2306,2645,3345,3346,4313,4314,4315,4316,4317,4318,6175,
10;1;2252;2404;1;8,15,17,20,24,25,26,29,34,35,38,39,40,42,46,49,52,54,60,87,89,95,111,135,144,199,200,201,202,203,204,205,206,207,208,209,210,211,212,213,214,215,216,217,218,219,220,221,222,223,224,289,398,404,762,764,766,769,831,871,1052,1085,1146,1231,1287,1293,1587,2062,2063,2306,2645,3345,3346,4313,4314,4315,4316,4317,4318,6175,
37;0;2880;2919;0;8,15,17,24,25,26,29,34,35,38,39,40,42,46,49,54,60,87,89,95,111,135,144,206,218,221,267,268,272,273,287,289,303,308,398,404,434,762,764,766,769,831,871,902,903,904,905,921,922,936,940,1052,1085,1146,1204,1205,1206,1207,1208,1209,1210,1211,1212,1231,1287,1293,1587,2062,2063,2306,2645,3345,3346,4313,4314,4315,4316,4317,4318,6175,
37;1;2919;2958;0;8,15,17,24,25,26,29,34,35,38,39,40,42,46,49,54,60,87,89,95,111,135,144,206,218,221,267,268,272,273,287,289,303,308,398,404,434,762,764,766,769,831,871,902,903,904,905,921,922,936,940,1052,1085,1146,1204,1205,1206,1207,1208,1209,1210,1211,1212,1231,1287,1293,1587,2062,2063,2306,2645,3345,3346,4313,4314,4315,4316,4317,4318,6175,
7;1;2958;3075;1;8,15,17,24,25,26,29,34,35,38,39,40,42,46,49,54,60,87,89,95,111,135,144,198,206,218,221,267,268,272,273,287,289,303,308,398,404,434,762,764,766,769,831,871,902,903,904,905,921,922,936,940,1052,1085,1146,1204,1205,1231,1287,1293,1587,2062,2063,2305,2306,2645,3345,3346,3831,4213,4313,4314,4315,4316,4317,4318,5314,6175,6760,6761,
7;0;3075;3192;1;8,15,17,24,25,26,29,34,35,38,39,40,42,46,49,54,60,87,89,95,111,135,144,198,206,218,221,267,268,272,273,287,289,303,308,398,404,434,762,764,766,769,831,871,902,903,904,905,921,922,936,940,1052,1085,1146,1204,1205,1231,1287,1293,1587,2062,2063,2305,2306,2645,3345,3346,3831,4213,4313,4314,4315,4316,4317,4318,5314,6175,6760,6761,
26;1;3192;3352;0;8,15,17,24,25,26,29,34,35,38,39,40,42,46,49,54,60,87,89,95,111,135,144,198,206,218,221,267,268,272,273,287,289,303,308,398,404,434,502,762,764,766,769,831,871,902,903,904,905,921,922,936,940,1052,1085,1146,1195,1204,1205,1231,1283,1287,1293,1463,1587,1936,2062,2063,2305,2645,2869,3345,3346,3427,4313,4314,4315,4316,4317,4318,
26;0;3352;3512;0;8,15,17,24,25,26,29,34,35,38,39,40,42,46,49,54,60,87,89,95,111,135,144,198,206,218,221,267,268,272,273,287,289,303,308,398,404,434,502,762,764,766,769,831,871,902,903,904,905,921,922,936,940,1052,1085,1146,1195,1204,1205,1231,1283,1287,1293,1463,1587,1936,2062,2063,2305,2645,2869,3345,3346,3427,4313,4314,4315,4316,4317,4318,
15;0;3512;3537;0;8,15,17,24,25,26,29,34,35,38,39,40,42,46,49,54,60,87,89,95,111,135,144,198,206,218,221,267,268,272,273,287,289,303,308,398,404,434,499,502,533,547,762,764,766,769,831,871,902,903,904,905,921,922,936,940,979,1052,1085,1146,1195,1231,1287,1293,1509,1596,2062,2063,2645,3345,3346,4313,4314,4315,4316,4317,4318,4452,7381,7950,
22;0;3537;3650;0;8,15,17,24,25,26,29,34,35,38,39,40,42,46,49,54,60,74,79,87,89,95,111,135,144,198,206,218,221,267,268,272,273,287,289,303,308,398,404,434,448,476,499,502,533,547,655,762,764,766,769,831,871,902,903,904,905,921,995,1052,1085,1088,1113,1114,1115,1146,1231,1287,1293,2062,2063,2645,3345,3346,4313,4314,4315,4316,4317,4318,
0;1;4320;4415;1;8,15,17,24,25,26,29,34,35,38,39,40,42,46,49,54,60,74,79,87,89,95,111,135,144,198,206,218,221,267,268,272,273,287,289,303,308,398,404,485,762,764,766,769,831,871,1052,1146,1231,1287,1293,1940,2036,2058,2062,2063,2645,2958,3022,3345,3346,3349,3713,3879,3906,4173,4174,4175,4176,4177,4178,4179,4180,4181,4313,4314,4315,4316,4317,4318,
0;0;4415;4510;1;8,15,17,24,25,26,29,34,35,38,39,40,42,46,49,54,60,74,79,87,89,95,111,135,144,198,206,218,221,267,268,272,273,287,289,303,308,398,404,485,762,764,766,769,831,871,1052,1146,1231,1287,1293,1940,2036,2058,2062,2063,2645,2958,3022,3345,3346,3349,3713,3879,3906,4173,4174,4175,4176,4177,4178,4179,4180,4181,4313,4314,4315,4316,4317,4318,
21;0;4510;4555;0;8,15,17,24,25,26,29,34,35,38,39,40,42,46,49,54,60,74,79,87,89,95,111,135,142,144,198,206,218,221,267,268,272,273,287,289,303,308,390,398,404,405,429,485,644,645,646,648,762,764,766,769,831,871,1052,1056,1062,1146,1231,1287,1293,1940,2036,2058,2062,2063,2102,2106,2155,2529,2530,2645,3345,3346,4313,4314,4315,4316,4317,4318,
21;1;4555;4600;0;8,15,17,24,25,26,29,34,35,38,39,40,42,46,49,54,60,74,79,87,89,95,111,135,142,144,198,206,218,221,267,268,272,273,287,289,303,308,390,398,404,405,429,485,644,645,646,648,762,764,766,769,831,871,1052,1056,1062,1146,1231,1287,1293,1940,2036,2058,2062,2063,2102,2106,2155,2529,2530,2645,3345,3346,4313,4314,4315,4316,4317,4318,
24;1;4600;4619;0;8,15,17,24,25,26,29,34,35,38,39,40,42,46,49,54,60,74,79,87,89,95,111,135,142,144,198,206,218,221,267,268,272,273,287,289,297,303,329,390,404,644,762,764,766,769,831,871,1052,1198,1231,1287,1293,2062,2063,2600,2628,2645,2774,2775,2778,3263,3345,3346,4313,4314,4315,4316,4317,4318,4567,4739,4740,4946,5230,5633,5683,7425,7426,7427,
24;0;4619;4638;0;8,15,17,24,25,26,29,34,35,38,39,40,42,46,49,54,60,74,79,87,89,95,111,135,142,144,198,206,218,221,267,268,272,273,287,289,297,303,329,390,404,644,762,764,766,769,831,871,1052,1198,1231,1287,1293,2062,2063,2600,2628,2645,2774,2775,2778,3263,3345,3346,4313,4314,4315,4316,4317,4318,4567,4739,4740,4946,5230,5633,5683,7425,7426,7427,
16;0;4638;4706;0;4,8,15,17,24,25,26,29,34,35,38,39,40,42,46,49,54,60,74,79,87,89,95,111,135,142,144,198,206,218,221,267,268,272,273,287,289,297,303,329,390,394,402,404,644,762,764,766,769,831,871,1052,1053,1159,1198,1230,1231,1232,1233,1234,1235,1236,1287,1293,2062,2063,2600,2628,2645,2774,2775,2822,3345,3346,4313,4314,4315,4316,4317,4318,
17;0;4706;4723;0;4,8,15,17,24,25,26,29,34,35,38,39,40,42,46,49,54,60,74,79,87,89,95,111,135,142,144,198,206,218,221,267,268,272,273,287,289,297,303,329,390,394,402,404,644,762,764,766,831,871,875,1052,1053,1274,1277,1287,1293,1294,1295,1512,1702,2062,2063,2263,2264,2443,2444,2445,2446,2447,2448,2449,3345,3346,4313,4314,4315,4316,4317,4318,
31;0;4723;4788;0;4,8,15,17,24,25,26,29,34,35,38,39,40,42,46,49,54,60,74,79,87,89,95,111,135,142,144,198,206,218,221,267,268,272,273,287,289,297,303,329,390,394,402,404,644,762,764,766,831,871,875,1052,1053,1274,1277,1287,1293,1294,1295,1512,1702,1707,2062,2063,2263,2264,2443,2444,2445,2446,2447,3345,3346,4313,4314,4315,4316,4317,4318,6041,
12;1;4788;4880;0;4,8,15,17,24,25,26,27,29,34,35,38,39,40,42,46,49,54,60,74,79,87,89,95,111,135,142,144,198,206,218,221,267,268,272,273,287,289,297,303,329,390,394,402,404,644,762,764,766,831,871,875,1052,1053,1268,1269,1270,1274,1277,1287,1293,1294,1295,1322,1512,1702,1707,2062,2063,2220,2235,2263,2264,2407,3703,3721,3797,4112,4217,4353,
12;0;4880;4972;0;4,8,15,17,24,25,26,27,29,34,35,38,39,40,42,46,49,54,60,74,79,87,89,95,111,135,142,144,198,206,218,221,267,268,272,273,287,289,297,303,329,390,394,402,404,644,762,764,766,831,871,875,1052,1053,1268,1269,1270,1274,1277,1287,1293,1294,1295,1322,1512,1702,1707,2062,2063,2220,2235,2263,2264,2407,3703,3721,3797,4112,4217,4353,
42;0;4972;4996;0;4,8,15,17,24,25,26,27,29,34,35,38,39,40,42,46,49,54,60,74,79,87,89,90,95,111,135,142,144,198,206,218,221,267,268,272,273,287,289,297,303,329,390,394,402,404,644,762,763,764,766,768,773,831,844,871,875,944,1041,1042,1043,1052,1053,1268,1269,1270,1274,1277,1287,1293,1294,1295,1322,1512,1702,1707,2062,2063,2220,2235,
4;1;4996;5154;1;4,8,15,17,24,25,26,27,29,34,35,36,38,39,40,42,45,46,49,52,54,60,72,74,79,87,89,90,95,111,135,142,144,198,206,218,221,267,268,272,273,287,289,297,303,329,390,394,402,404,644,658,659,660,661,762,763,764,766,768,773,831,844,871,875,944,1041,1042,1043,1052,1053,1268,1269,1270,1274,1277,1287,1293,1294,1295,
4;0;5154;5312;1;4,8,15,17,24,25,26,27,29,34,35,36,38,39,40,42,45,46,49,52,54,60,72,74,79,87,89,90,95,111,135,142,144,198,206,218,221,267,268,272,273,287,289,297,303,329,390,394,402,404,644,658,659,660,661,762,763,764,766,768,773,831,844,871,875,944,1041,1042,1043,1052,1053,1268,1269,1270,1274,1277,1287,1293,1294,1295,
19;0;5760;5928;0;4,5,6,7,8,15,17,24,25,26,27,29,34,35,36,38,39,40,42,45,46,49,52,54,60,72,74,79,87,89,90,95,111,135,142,144,148,198,206,218,221,267,268,272,273,287,289,297,303,329,390,394,402,404,644,658,659,660,661,762,763,764,766,768,773,831,844,871,875,944,1041,1042,1043,1050,1051,1052,1053,1360,1603,1604,
END;9;517;25;0;-497
Machine: 1
30;0;0;89;0;4,19,38,52,55,95,143,144,149,152,178,179,206,225,245,262,279,289,302,307,321,380,381,390,394,491,594,595,656,805,1050,1053,1121,1145,1146,1358,1360,1416,1424,1470,1484,1725,1726,1809,1816,2128,2613,2614,3190,3314,3326,3469,3470,3471,3472,3473,3474,3475,3476,3477,3478,3479,3480,3481,3482,3577,3657,3658,3925,5469,6072,8265,8340,8764,8765,8768,8770,9014,9015,9016,
29;0;89;150;0;4,19,38,52,55,95,143,144,149,152,178,179,206,225,245,262,279,289,302,307,321,380,381,390,394,491,594,595,656,805,1050,1053,1121,1145,1146,1358,1360,1416,1424,1470,1484,1725,1726,1809,1816,2128,2613,2614,3190,3314,3326,3469,3470,3471,3472,3473,3474,3475,3476,3477,3478,3479,3480,3481,3482,3577,3657,3658,3925,5469,6072,8265,8340,8764,8765,8768,8770,9014,9015,9016,
41;1;150;161;0;4,19,38,52,55,95,143,144,149,152,178,179,206,225,245,262,279,289,302,307,321,380,381,390,394,491,594,595,656,805,1050,1053,1121,1145,1146,1358,1360,1416,1424,1470,1484,1725,1726,1809,1816,2128,2613,2614,3190,3314,3326,3469,3470,3471,3472,3473,3474,3475,3476,3477,3478,3479,3480,3481,3482,3577,3657,3658,3925,5469,6072,8265,8340,8764,8765,8768,8770,9014,9015,9016,
41;0;161;172;0;4,19,38,52,55,95,143,144,149,152,178,179,206,225,245,262,279,289,302,307,321,380,381,390,394,491,594,595,656,805,1050,1053,1121,1145,1146,1358,1360,1416,1424,1470,1484,1725,1726,1809,1816,2128,2613,2614,3190,3314,3326,3469,3470,3471,3472,3473,3474,3475,3476,3477,3478,3479,3480,3481,3482,3577,3657,3658,3925,5469,6072,8265,8340,8764,8765,8768,8770,9014,9015,9016,
38;0;172;319;0;4,19,38,52,55,95,143,144,149,152,178,179,206,225,245,262,279,289,302,307,321,380,381,390,394,491,594,595,656,805,1050,1053,1121,1145,1146,1358,1360,1416,1424,1470,1484,1725,1726,1809,1816,2128,2613,2614,3190,3314,3326,3469,3470,3471,3472,3473,3474,3475,3476,3477,3478,3479,3480,3481,3482,3577,3657,3658,3925,5469,6072,8265,8340,8764,8765,8768,8770,9014,9015,9016,
38;1;319;466;0;4,19,38,52,55,95,143,144,149,152,178,179,206,225,245,262,279,289,302,307,321,380,381,390,394,491,594,595,656,805,1050,1053,1121,1145,1146,1358,1360,1416,1424,1470,1484,1725,1726,1809,1816,2128,2613,2614,3190,3314,3326,3469,3470,3471,3472,3473,3474,3475,3476,3477,3478,3479,3480,3481,3482,3577,3657,3658,3925,5469,6072,8265,8340,8764,8765,8768,8770,9014,9015,9016,
45;0;466;520;0;4,19,38,52,55,95,143,144,149,152,178,179,206,225,245,262,279,289,302,307,321,380,381,390,394,491,594,595,656,805,1050,1053,1121,1145,1146,1358,1360,1416,1424,1470,1484,1725,1726,1809,1816,2128,2613,2614,3190,3314,3326,3469,3470,3471,3472,3473,3474,3475,3476,3477,3478,3479,3480,3481,3482,3577,3657,3658,3925,5469,6072,8265,8340,8764,8765,8768,8770,9014,9015,9016,
45;1;520;574;0;4,19,38,52,55,95,143,144,149,152,178,179,206,225,245,262,279,289,302,307,321,380,381,390,394,491,594,595,656,805,1050,1053,1121,1145,1146,1358,1360,1416,1424,1470,1484,1725,1726,1809,1816,2128,2613,2614,3190,3314,3326,3469,3470,3471,3472,3473,3474,3475,3476,3477,3478,3479,3480,3481,3482,3577,3657,3658,3925,5469,6072,8265,8340,8764,8765,8768,8770,9014,9015,9016,
47;0;574;724;0;4,19,38,52,55,95,143,144,149,152,178,179,206,225,245,262,279,289,302,307,321,380,381,390,394,491,594,595,656,805,1050,1053,1121,1145,1146,1358,1360,1416,1424,1470,1484,1725,1726,1809,1816,2128,2613,2614,3190,3314,3326,3469,3470,3471,3472,3473,3474,3475,3476,3477,3478,3479,3480,3481,3482,3577,3657,3658,3925,5469,6072,8265,8340,8764,8765,8768,8770,9014,9015,9016,
49;1;1440;1605;0;4,19,38,52,55,95,143,144,149,152,178,179,206,225,245,262,279,289,302,307,321,380,381,390,394,491,594,595,637,656,805,1050,1053,1063,1121,1145,1146,1246,1247,1248,1249,1250,1251,1252,1358,1360,1416,1424,1470,1484,1725,1726,1809,1816,2128,2613,2614,3190,3314,3326,3469,3470,3471,3472,3473,3474,3475,3476,3477,3478,3479,3480,3481,3482,3577,3657,3658,3925,5469,6072,
49;0;1605;1770;0;4,19,38,52,55,95,143,144,149,152,178,179,206,225,245,262,279,289,302,307,321,380,381,390,394,491,594,595,637,656,805,1050,1053,1063,1121,1145,1146,1246,1247,1248,1249,1250,1251,1252,1358,1360,1416,1424,1470,1484,1725,1726,1809,1816,2128,2613,2614,3190,3314,3326,3469,3470,3471,3472,3473,3474,3475,3476,3477,3478,3479,3480,3481,3482,3577,3657,3658,3925,5469,6072,
32;0;1770;1944;0;4,15,17,19,24,25,27,29,34,35,38,46,52,55,68,76,77,95,143,144,149,152,178,179,206,225,245,262,279,289,302,307,321,380,381,390,394,491,594,595,637,656,805,1050,1053,1063,1121,1145,1146,1246,1247,1248,1249,1250,1251,1252,1358,1360,1416,1424,1470,1484,1725,1726,1809,1816,2128,2613,2614,3190,3314,3326,3469,3470,3471,3472,3473,3474,3577,3925,
3;0;1944;1997;1;4,15,17,19,24,25,27,29,34,35,38,46,52,55,68,76,77,95,97,143,144,145,149,152,178,179,206,225,228,245,262,279,288,289,302,307,321,380,381,390,394,404,491,594,595,637,656,805,1050,1053,1063,1121,1145,1146,1246,1247,1248,1249,1250,1251,1252,1358,1360,1401,1416,1424,1470,1474,1478,1484,1725,1726,1809,1816,2128,2355,2613,2614,3577,3925,
8;0;1997;2047;1;4,15,17,19,24,25,27,29,34,35,38,46,52,55,68,76,77,95,97,143,144,145,149,152,178,179,206,225,228,245,262,276,279,288,289,292,302,307,321,380,381,390,394,404,491,594,595,637,656,805,1050,1053,1058,1063,1121,1145,1146,1147,1246,1247,1248,1249,1250,1251,1252,1358,1360,1401,1416,1424,1470,1474,1478,1484,3577,3925,4016,4017,4018,4019,
8;1;2047;2097;1;4,15,17,19,24,25,27,29,34,35,38,46,52,55,68,76,77,95,97,143,144,145,149,152,178,179,206,225,228,245,262,276,279,288,289,292,302,307,321,380,381,390,394,404,491,594,595,637,656,805,1050,1053,1058,1063,1121,1145,1146,1147,1246,1247,1248,1249,1250,1251,1252,1358,1360,1401,1416,1424,1470,1474,1478,1484,3577,3925,4016,4017,4018,4019,
40;0;2097;2101;0;4,15,17,19,24,25,27,29,34,35,38,46,52,55,68,76,77,95,97,143,144,145,149,152,177,178,179,180,181,182,183,184,206,225,228,245,262,276,279,288,289,292,302,307,321,380,381,390,394,404,491,594,595,637,656,805,1050,1053,1058,1063,1121,1145,1146,1147,1246,1247,1248,1249,1250,1251,1252,1358,1360,1401,1416,1424,1470,1474,1676,3577,
5;0;2101;2135;1;4,15,17,19,24,25,27,29,34,35,38,46,52,55,68,76,77,95,97,143,144,145,149,152,177,178,179,180,181,182,183,184,206,225,228,245,262,276,279,288,289,292,298,302,307,321,380,381,390,394,398,404,491,594,595,637,656,805,1050,1053,1058,1063,1121,1145,1146,1147,1246,1247,1248,1249,1250,1251,1252,1474,1814,3577,4675,4967,4968,5050,
48;1;2135;2269;0;4,15,17,19,24,25,27,29,34,35,38,46,52,55,68,76,77,95,97,143,144,145,149,152,177,178,179,180,181,182,183,184,206,225,228,245,262,276,279,288,289,292,298,302,307,320,321,380,381,390,394,398,404,491,594,595,637,656,805,1050,1053,1058,1063,1121,1145,1146,1147,1246,1247,1248,1249,1250,1474,1764,2901,2961,2962,2963,2964,3577,
48;0;2269;2403;0;4,15,17,19,24,25,27,29,34,35,38,46,52,55,68,76,77,95,97,143,144,145,149,152,177,178,179,180,181,182,183,184,206,225,228,245,262,276,279,288,289,292,298,302,307,320,321,380,381,390,394,398,404,491,594,595,637,656,805,1050,1053,1058,1063,1121,1145,1146,1147,1246,1247,1248,1249,1250,1474,1764,2901,2961,2962,2963,2964,3577,
1;0;2880;2986;1;4,15,17,19,24,25,27,29,34,35,38,46,52,55,68,76,77,95,97,143,144,145,149,152,177,178,179,180,181,182,183,184,206,225,228,245,262,276,279,288,289,292,298,302,307,320,321,380,381,390,394,398,404,491,594,595,637,656,805,1050,1053,1058,1063,1121,1145,1146,1147,1246,1247,1248,1249,1474,3577,8465,8466,8467,8480,8481,8482,8483,
1;1;2986;3092;1;4,15,17,19,24,25,27,29,34,35,38,46,52,55,68,76,77,95,97,143,144,145,149,152,177,178,179,180,181,182,183,184,206,225,228,245,262,276,279,288,289,292,298,302,307,320,321,380,381,390,394,398,404,491,594,595,637,656,805,1050,1053,1058,1063,1121,1145,1146,1147,1246,1247,1248,1249,1474,3577,8465,8466,8467,8480,8481,8482,8483,
11;0;3092;3255;1;4,15,17,19,24,25,27,29,34,35,38,46,52,55,68,76,77,95,97,143,144,145,149,152,177,178,179,180,181,182,183,184,206,224,225,228,245,262,276,279,288,289,292,298,302,307,320,321,380,381,390,394,398,404,491,506,519,594,595,631,637,656,805,1050,1053,1058,1063,1121,1145,1146,1147,1246,1247,1248,1249,1282,1474,3577,8465,8466,
35;0;3255;3356;0;4,15,17,19,24,25,27,29,34,35,38,46,52,55,68,76,77,95,97,143,144,145,149,152,177,178,179,180,181,182,183,184,206,224,225,228,245,262,276,279,288,289,292,298,302,307,320,321,380,381,390,394,397,398,404,491,506,519,594,595,631,637,656,805,1050,1053,1058,1063,1121,1145,1146,1147,1246,1247,1248,1249,1474,1480,1921,4091,
35;1;3356;3457;0;4,15,17,19,24,25,27,29,34,35,38,46,52,55,68,76,77,95,97,143,144,145,149,152,177,178,179,180,181,182,183,184,206,224,225,228,245,262,276,279,288,289,292,298,302,307,320,321,380,381,390,394,397,398,404,491,506,519,594,595,631,637,656,805,1050,1053,1058,1063,1121,1145,1146,1147,1246,1247,1248,1249,1474,1480,1921,4091,
9;0;3457;3468;1;4,15,17,19,24,25,27,29,34,35,38,46,52,55,68,76,77,95,97,143,144,145,149,152,177,178,179,180,181,182,183,184,206,224,225,228,245,262,276,279,288,289,292,298,302,307,320,321,380,381,390,394,397,398,404,491,506,519,594,595,631,637,656,805,1050,1053,1058,1063,1121,1145,1146,1147,1246,1247,1248,1249,8555,8558,9032,9075,
23;1;3468;3472;0;4,15,17,19,24,25,27,29,34,35,38,46,52,55,68,76,77,95,97,143,144,145,149,152,177,178,179,180,181,182,183,184,206,224,225,228,245,262,276,279,288,289,292,298,302,307,320,321,380,381,390,394,397,398,404,491,506,519,594,595,631,637,656,805,1050,1053,1058,1063,1121,1145,1146,1147,1246,1247,1248,1249,2220,2846,3606,7591,
23;0;3472;3476;0;4,15,17,19,24,25,27,29,34,35,38,46,52,55,68,76,77,95,97,143,144,145,149,152,177,178,179,180,181,182,183,184,206,224,225,228,245,262,276,279,288,289,292,298,302,307,320,321,380,381,390,394,397,398,404,491,506,519,594,595,631,637,656,805,1050,1053,1058,1063,1121,1145,1146,1147,1246,1247,1248,1249,2220,2846,3606,7591,
34;0;3476;3644;0;4,15,17,19,24,25,27,29,34,35,38,46,52,55,68,76,77,95,97,143,144,145,149,152,177,178,179,180,181,182,183,184,206,224,225,228,245,262,276,279,288,289,292,298,302,307,320,321,380,381,390,394,397,398,404,491,506,519,553,554,594,595,631,637,656,805,1050,1053,1058,1063,1121,1145,1146,1147,1246,1247,1248,1249,7369,7397,
14;0;4320;4434;0;4,15,17,19,24,25,27,29,34,35,38,46,52,55,68,76,77,95,97,143,144,145,149,152,177,178,179,180,181,182,183,184,206,224,225,228,245,262,276,279,288,289,292,298,302,307,320,321,380,381,390,394,397,398,404,491,506,519,553,554,594,595,631,637,656,805,1050,1053,1058,1063,1121,1145,1146,1147,1246,1247,8297,8298,8299,8300,
14;1;4434;4548;0;4,15,17,19,24,25,27,29,34,35,38,46,52,55,68,76,77,95,97,143,144,145,149,152,177,178,179,180,181,182,183,184,206,224,225,228,245,262,276,279,288,289,292,298,302,307,320,321,380,381,390,394,397,398,404,491,506,519,553,554,594,595,631,637,656,805,1050,1053,1058,1063,1121,1145,1146,1147,1246,1247,8297,8298,8299,8300,
44;0;4548;4589;0;4,15,17,19,24,25,27,29,34,35,38,46,52,55,68,76,77,87,95,97,143,144,145,149,152,177,178,179,180,181,182,183,184,206,224,225,228,245,262,276,279,288,289,292,298,302,307,320,321,380,381,390,394,397,398,404,491,506,519,553,554,594,595,631,637,656,663,762,805,1050,1053,1058,1063,1121,1145,1146,1147,1246,1247,8297,
44;1;4589;4630;0;4,15,17,19,24,25,27,29,34,35,38,46,52,55,68,76,77,87,95,97,143,144,145,149,152,177,178,179,180,181,182,183,184,206,224,225,228,245,262,276,279,288,289,292,298,302,307,320,321,380,381,390,394,397,398,404,491,506,519,553,554,594,595,631,637,656,663,762,805,1050,1053,1058,1063,1121,1145,1146,1147,1246,1247,8297,
6;0;4630;4760;1;4,15,17,19,24,25,27,29,34,35,38,46,52,55,68,76,77,87,95,97,143,144,145,149,152,177,178,179,180,181,182,183,184,206,224,225,228,245,262,276,279,288,289,292,298,302,307,320,321,380,381,390,394,397,398,404,491,506,519,553,554,594,595,631,637,656,663,762,805,1050,1053,1058,1063,1121,1145,1146,1147,1246,2487,3810,
33;0;4760;4778;0;4,15,17,19,24,25,27,29,34,35,38,46,52,55,68,76,77,87,95,97,143,144,145,149,152,177,178,179,180,181,182,183,184,206,224,225,228,245,262,276,279,288,289,292,298,302,307,320,321,380,381,390,394,397,398,404,491,506,519,553,554,594,595,631,637,656,663,762,805,1050,1053,1058,1063,1121,1145,1146,1147,3686,5957,6009,
27;0;4778;4806;0;4,15,17,19,24,25,27,29,34,35,38,46,52,55,68,76,77,87,95,97,143,144,145,149,152,177,178,179,180,181,182,183,184,185,206,224,225,228,245,262,276,279,288,289,292,298,302,307,320,321,380,381,390,394,397,398,404,491,506,519,553,554,594,595,631,637,656,663,762,805,1050,1053,1058,1063,1121,1145,1146,1147,3686,6654,
27;1;4806;4834;0;4,15,17,19,24,25,27,29,34,35,38,46,52,55,68,76,77,87,95,97,143,144,145,149,152,177,178,179,180,181,182,183,184,185,206,224,225,228,245,262,276,279,288,289,292,298,302,307,320,321,380,381,390,394,397,398,404,491,506,519,553,554,594,595,631,637,656,663,762,805,1050,1053,1058,1063,1121,1145,1146,1147,3686,6654,
43;0;4834;4887;0;4,15,17,19,24,25,27,29,34,35,38,46,52,55,68,76,77,87,95,97,143,144,145,149,152,177,178,179,180,181,182,183,184,185,206,224,225,228,245,262,276,279,288,289,292,298,302,307,320,321,380,381,390,394,397,398,404,491,506,519,553,554,588,594,595,631,637,656,663,762,805,1050,1053,1058,1063,1121,1145,1146,1147,2502,
END;9;183;20;0;-113
-610
