./input/Exemplo/Jobs.csv;./input/Exemplo/ToolSets.csv
2;720;1440
Machine: 0
0;0;0;300;1;1,2,3,4,5,6,7,12,
0;1;300;480;1;1,2,3,4,5,6,7,12,
4;0;480;840;0;1,2,3,4,5,6,7,12,
6;0;840;1140;1;1,2,3,4,5,6,7,12,
3;0;1440;1980;1;1,12,13,14,15,16,17,18,
3;1;1980;2220;1;1,12,13,14,15,16,17,18,
1;0;2220;2640;0;1,12,13,14,15,16,17,18,
Machine: 1
5;0;0;600;0;4,5,15,16,17,18,19,20,
2;0;600;1080;0;4,5,8,9,10,11,12,13,
2;1;1080;1440;0;4,5,8,9,10,11,12,13,
END
fineshedJobsCount: 10
switchs: 12
switchsInstances: 2
unfineshedPriorityCount: 0
cost: 268
