MyInstances/n=75,p=0.24,r=0.5,t=650,v0.csv;ToolSetInt.csv
7;720;1440
Machine: 0 = (42,0);(42,1);(4,0);(3,0);(3,1);(35,1);(35,0);(27,0);(18,1);(18,0);(22,1);(22,0);(0,0);(10,0);(10,1);(28,0);(45,0);(25,0);(25,1);(31,0);(14,0);(20,0);(11,0);(11,1);(34,0);(46,1);(46,0);(49,1);(49,0);(30,0);(21,0);(21,1);(12,0);(12,1);(41,0);(47,0);(47,1);(24,0);
42;0;0;122;0;15,16,17,18,19,20,21,22,23,24,25,26,34,35,36,37,38,39,40,41,42,43,44,45,46,48,49,50,51,52,53,54,55,56,57,58,59,60,61,110,111,494,495,496,778,1311,1423,2091,3717,5825,6244,
42;1;122;244;0;15,16,17,18,19,20,21,22,23,24,25,26,34,35,36,37,38,39,40,41,42,43,44,45,46,48,49,50,51,52,53,54,55,56,57,58,59,60,61,110,111,494,495,496,778,1311,1423,2091,3717,5825,6244,
4;0;244;303;1;15,16,149,276,395,397,398,400,591,640,644,773,833,834,835,838,854,855,946,948,1146,1474,1483,1674,2091,2379,2645,2677,7294,7299,8165,8166,8170,8171,8174,8391,8407,8426,8427,8428,8787,8788,8968,8969,8970,8971,8972,8973,8974,8989,8990,
3;0;303;441;1;100,137,146,149,177,245,288,289,290,291,300,314,351,395,397,400,591,640,647,1095,1118,1361,1417,1481,1488,1540,1668,1768,1919,1923,2091,2117,2370,2645,2910,3698,4220,5050,5185,5373,5417,5418,5419,5420,5421,5422,5423,5424,5425,5426,8165,
3;1;441;579;1;100,137,146,149,177,245,288,289,290,291,300,314,351,395,397,400,591,640,647,1095,1118,1361,1417,1481,1488,1540,1668,1768,1919,1923,2091,2117,2370,2645,2910,3698,4220,5050,5185,5373,5417,5418,5419,5420,5421,5422,5423,5424,5425,5426,8165,
35;1;579;747;0;7,8,100,137,146,149,177,245,288,289,395,591,640,647,895,933,1052,1118,1478,1515,1811,2091,2645,2692,2695,2805,2808,2910,3443,3630,4359,4404,4428,4448,4465,6106,6596,6597,6803,7927,8034,8165,8166,8172,8368,8431,8977,9010,9011,9012,9013,
35;0;747;915;0;7,8,100,137,146,149,177,245,288,289,395,591,640,647,895,933,1052,1118,1478,1515,1811,2091,2645,2692,2695,2805,2808,2910,3443,3630,4359,4404,4428,4448,4465,6106,6596,6597,6803,7927,8034,8165,8166,8172,8368,8431,8977,9010,9011,9012,9013,
27;0;1440;1514;0;7,8,87,89,94,100,104,137,140,144,146,149,276,288,289,349,395,647,693,762,764,766,768,769,772,831,833,834,844,854,863,945,947,949,1019,1020,1021,1022,1023,1024,1025,1026,1027,1028,1029,1030,1031,1052,1118,2645,2910,
18;1;1514;1680;0;1,8,87,89,95,135,144,288,289,292,295,395,404,647,762,764,766,768,769,831,844,854,1051,1052,1118,1231,1489,1799,1816,1920,2322,2476,2645,2709,2892,2910,3250,3267,3268,3284,3711,3712,4033,4470,4472,4497,7635,8041,9199,9200,9201,
18;0;1680;1846;0;1,8,87,89,95,135,144,288,289,292,295,395,404,647,762,764,766,768,769,831,844,854,1051,1052,1118,1231,1489,1799,1816,1920,2322,2476,2645,2709,2892,2910,3250,3267,3268,3284,3711,3712,4033,4470,4472,4497,7635,8041,9199,9200,9201,
22;1;1846;1862;0;8,15,16,17,19,24,26,37,38,39,40,46,52,54,60,87,89,95,135,144,289,404,408,412,415,427,479,490,537,632,730,762,764,766,768,769,831,1052,1155,1231,1432,1433,1434,1435,1436,1437,1438,1439,1440,1441,2645,
22;0;1862;1878;0;8,15,16,17,19,24,26,37,38,39,40,46,52,54,60,87,89,95,135,144,289,404,408,412,415,427,479,490,537,632,730,762,764,766,768,769,831,1052,1155,1231,1432,1433,1434,1435,1436,1437,1438,1439,1440,1441,2645,
0;0;1878;1984;1;8,15,17,24,26,29,38,39,40,46,52,54,60,87,95,135,144,175,206,280,289,364,404,412,496,512,516,632,741,769,871,1052,1231,1587,2062,2063,2306,2645,2941,3345,3346,4135,4313,4314,4315,4316,4317,4318,4339,6175,6176,
10;0;1984;2162;1;15,24,29,39,52,54,60,144,159,206,289,581,871,1085,1287,1293,1587,1651,1925,2062,2063,2273,2306,2827,2879,2941,2968,3345,3346,3384,3421,3734,3851,3852,4313,4314,4315,4316,4317,4318,5779,6445,6693,6861,6862,6863,6864,6865,6866,6867,6868,
10;1;2162;2340;1;15,24,29,39,52,54,60,144,159,206,289,581,871,1085,1287,1293,1587,1651,1925,2062,2063,2273,2306,2827,2879,2941,2968,3345,3346,3384,3421,3734,3851,3852,4313,4314,4315,4316,4317,4318,5779,6445,6693,6861,6862,6863,6864,6865,6866,6867,6868,
28;0;2880;3032;0;15,20,24,29,39,52,54,60,144,199,200,201,202,203,204,205,206,207,208,209,210,211,212,213,214,215,216,217,218,219,220,221,222,223,224,289,871,1085,1287,1587,2062,2063,2306,3345,3346,4313,4314,4315,4316,4317,4318,
45;0;3032;3071;0;15,24,29,39,54,60,144,206,218,221,267,268,272,273,287,289,303,308,434,871,902,903,904,905,921,922,936,940,1085,1204,1205,1206,1207,1208,1209,1210,1211,1212,1287,1587,2062,2063,2306,3345,3346,4313,4314,4315,4316,4317,4318,
25;0;3071;3096;0;15,24,29,39,54,60,144,206,218,221,267,268,272,273,287,289,303,308,434,499,533,547,871,902,903,904,905,921,922,936,940,979,1085,1287,1509,1587,1596,2062,2063,2306,3345,3346,4313,4314,4315,4316,4317,4318,4452,7381,7950,
25;1;3096;3121;0;15,24,29,39,54,60,144,206,218,221,267,268,272,273,287,289,303,308,434,499,533,547,871,902,903,904,905,921,922,936,940,979,1085,1287,1509,1587,1596,2062,2063,2306,3345,3346,4313,4314,4315,4316,4317,4318,4452,7381,7950,
31;0;3121;3281;0;15,24,29,39,54,60,111,144,206,218,221,267,268,272,273,287,289,303,308,434,499,502,533,547,871,902,903,904,905,921,922,1085,1195,1283,1287,1463,1587,1936,2062,2063,2306,2869,3345,3346,3427,4313,4314,4315,4316,4317,4318,
14;0;3281;3398;0;15,24,29,39,54,60,111,144,198,206,218,221,267,268,272,273,287,289,303,308,434,499,502,533,547,871,902,903,904,905,1085,1287,1587,2062,2063,2305,2306,3345,3346,3831,4213,4313,4314,4315,4316,4317,4318,5314,6175,6760,6761,
20;0;3398;3493;0;15,24,29,34,39,54,60,74,111,144,198,206,218,221,267,268,272,273,289,485,871,1085,1287,1940,2036,2058,2062,2063,2958,3022,3345,3346,3349,3713,3879,3906,4173,4174,4175,4176,4177,4178,4179,4180,4181,4313,4314,4315,4316,4317,4318,
11;0;3493;3606;0;15,17,24,25,26,29,34,35,38,39,40,42,46,49,54,60,74,79,111,144,198,206,218,221,267,268,272,273,289,448,476,485,655,871,995,1085,1088,1113,1114,1115,1287,2062,2063,3345,3346,4313,4314,4315,4316,4317,4318,
11;1;3606;3719;0;15,17,24,25,26,29,34,35,38,39,40,42,46,49,54,60,74,79,111,144,198,206,218,221,267,268,272,273,289,448,476,485,655,871,995,1085,1088,1113,1114,1115,1287,2062,2063,3345,3346,4313,4314,4315,4316,4317,4318,
34;0;4320;4365;0;8,15,17,24,25,26,29,34,35,38,39,40,42,46,49,54,60,74,79,142,144,289,390,398,404,405,429,644,645,646,648,871,1056,1062,1146,1287,2062,2063,2102,2106,2155,2529,2530,3345,3346,4313,4314,4315,4316,4317,4318,
46;1;4365;4384;0;8,15,17,24,25,26,29,34,35,38,39,40,42,54,60,144,297,329,390,644,871,1146,1198,1287,2062,2063,2600,2628,2645,2774,2775,2778,3263,3345,3346,4313,4314,4315,4316,4317,4318,4567,4739,4740,4946,5230,5633,5683,7425,7426,7427,
46;0;4384;4403;0;8,15,17,24,25,26,29,34,35,38,39,40,42,54,60,144,297,329,390,644,871,1146,1198,1287,2062,2063,2600,2628,2645,2774,2775,2778,3263,3345,3346,4313,4314,4315,4316,4317,4318,4567,4739,4740,4946,5230,5633,5683,7425,7426,7427,
49;1;4403;4471;0;4,8,15,17,24,25,26,29,34,35,38,39,40,42,54,60,95,135,144,297,329,390,394,402,644,769,871,1052,1053,1146,1159,1198,1230,1231,1232,1233,1234,1235,1236,1287,2062,2063,2822,3345,3346,4313,4314,4315,4316,4317,4318,
49;0;4471;4539;0;4,8,15,17,24,25,26,29,34,35,38,39,40,42,54,60,95,135,144,297,329,390,394,402,644,769,871,1052,1053,1146,1159,1198,1230,1231,1232,1233,1234,1235,1236,1287,2062,2063,2822,3345,3346,4313,4314,4315,4316,4317,4318,
30;0;4539;4604;0;4,8,15,17,24,25,26,29,34,35,38,39,40,42,54,60,95,135,144,297,329,390,394,402,644,769,871,1052,1053,1146,1159,1198,1230,1231,1232,1233,1234,1235,1287,1707,2062,2063,3345,3346,4313,4314,4315,4316,4317,4318,6041,
21;0;4604;4621;0;4,8,15,17,24,25,26,29,34,35,38,39,40,42,54,60,95,135,144,297,329,390,394,402,644,769,871,875,1052,1053,1146,1159,1198,1230,1274,1277,1287,1293,1294,1295,1512,1702,2263,2264,2443,2444,2445,2446,2447,2448,2449,
21;1;4621;4638;0;4,8,15,17,24,25,26,29,34,35,38,39,40,42,54,60,95,135,144,297,329,390,394,402,644,769,871,875,1052,1053,1146,1159,1198,1230,1274,1277,1287,1293,1294,1295,1512,1702,2263,2264,2443,2444,2445,2446,2447,2448,2449,
12;0;4638;4730;0;4,8,15,17,24,25,26,27,29,34,35,38,39,40,42,54,60,95,135,144,297,329,390,394,402,644,769,871,875,1052,1053,1146,1159,1198,1230,1268,1269,1270,1293,1294,1295,1322,2220,2235,2407,3703,3721,3797,4112,4217,4353,
12;1;4730;4822;0;4,8,15,17,24,25,26,27,29,34,35,38,39,40,42,54,60,95,135,144,297,329,390,394,402,644,769,871,875,1052,1053,1146,1159,1198,1230,1268,1269,1270,1293,1294,1295,1322,2220,2235,2407,3703,3721,3797,4112,4217,4353,
41;0;4822;4846;0;4,8,15,17,24,25,26,27,29,34,35,38,39,40,42,54,60,87,89,90,95,135,144,297,329,390,394,402,644,762,763,764,766,768,769,773,831,844,871,875,944,1041,1042,1043,1052,1053,1146,1159,1198,1230,1268,
47;0;4846;4907;0;4,8,15,17,24,25,26,27,29,34,35,38,39,40,42,54,60,87,89,90,95,135,144,149,297,329,390,394,402,644,762,763,764,766,768,769,773,831,844,871,1050,1053,1121,1145,1146,1358,1484,1816,2128,2613,2614,
47;1;4907;4968;0;4,8,15,17,24,25,26,27,29,34,35,38,39,40,42,54,60,87,89,90,95,135,144,149,297,329,390,394,402,644,762,763,764,766,768,769,773,831,844,871,1050,1053,1121,1145,1146,1358,1484,1816,2128,2613,2614,
24;0;4968;5057;0;4,8,15,17,24,25,26,27,29,34,35,38,39,40,42,54,60,87,89,90,95,135,144,149,297,329,390,394,402,644,762,763,764,766,768,769,3190,3469,3470,3471,3472,3473,3474,3475,3476,3477,3478,3479,3480,3481,3482,
END;6;575;25;0;-645
Machine: 1 = (43,0);(44,0);(2,0);(2,1);(33,0);(29,0);(40,0);(19,0);(32,0);(26,0);(5,0);(13,0);(36,0);(36,1);(1,0);(48,0);(48,1);(17,1);(17,0);(15,1);(15,0);(38,0);(39,0);(39,1);(7,0);(7,1);(9,1);(9,0);(6,0);(6,1);(37,0);(37,1);(16,0);(8,1);(8,0);(23,0);(23,1);
43;0;0;168;0;4,5,6,7,8,15,24,34,35,36,45,49,52,54,60,72,95,142,143,148,245,262,289,321,390,404,658,659,660,661,1050,1051,1052,1053,1360,1470,1603,1604,1725,1726,1809,3470,3473,3474,3657,3658,3925,8265,8340,8764,8765,
44;0;168;326;0;4,5,6,7,8,15,24,34,35,36,45,49,52,54,60,72,95,142,143,148,245,262,289,321,390,404,658,659,660,661,1050,1051,1052,1053,1360,1470,1603,1604,1725,1726,1809,3470,3473,3474,3657,3658,3925,8265,8340,8764,8765,
2;0;326;380;1;4,5,6,7,8,15,24,34,35,36,45,49,52,54,60,72,95,142,143,148,245,262,289,321,390,404,658,659,660,661,1050,1051,1052,1053,1360,1470,1603,1604,1725,1726,1809,3470,3473,3474,3657,3658,3925,8265,8340,8764,8765,
2;1;380;434;1;4,5,6,7,8,15,24,34,35,36,45,49,52,54,60,72,95,142,143,148,245,262,289,321,390,404,658,659,660,661,1050,1051,1052,1053,1360,1470,1603,1604,1725,1726,1809,3470,3473,3474,3657,3658,3925,8265,8340,8764,8765,
33;0;434;581;0;4,5,6,7,8,15,24,34,35,36,45,49,52,54,60,72,95,142,143,148,245,262,289,321,390,404,658,659,660,661,1050,1051,1052,1053,1360,1470,3470,3473,3474,3657,3658,3925,8265,8340,8764,8765,8768,8770,9014,9015,9016,
29;0;581;592;0;4,5,6,7,8,15,24,34,35,36,38,45,49,52,54,55,60,72,95,142,143,148,152,206,245,262,279,289,321,390,404,491,656,658,659,660,661,805,1050,1051,1052,1053,1360,1470,3314,3326,3470,3577,3925,5469,6072,
40;0;592;742;0;4,5,6,7,8,15,24,34,35,36,38,45,49,52,54,55,60,72,95,142,143,144,148,152,178,179,206,225,245,262,279,289,302,307,321,380,381,390,404,491,594,595,656,658,659,660,661,1416,1424,3577,3925,
19;0;1440;1614;0;4,5,6,7,8,15,17,24,25,27,29,34,35,36,38,45,46,49,52,54,55,60,68,72,76,77,95,142,143,144,148,152,178,179,206,225,245,262,279,289,302,307,321,380,381,390,404,491,656,3577,3925,
32;0;1614;1779;0;4,5,6,7,8,15,17,19,24,25,27,29,34,35,36,38,45,46,49,52,54,55,60,68,72,76,77,95,142,143,144,148,152,178,179,206,225,245,404,637,656,1063,1246,1247,1248,1249,1250,1251,1252,3577,3925,
26;0;1779;1832;0;4,5,6,7,8,15,17,19,24,25,27,29,34,35,36,38,45,46,49,52,54,55,60,68,72,76,77,95,97,142,143,144,145,148,152,178,179,206,225,228,245,288,404,637,656,1401,1474,1478,2355,3577,3925,
5;0;1832;1882;1;4,5,6,7,8,15,17,19,24,25,27,29,34,35,36,38,45,46,49,52,54,55,60,68,72,76,77,95,97,142,143,144,145,148,152,178,179,206,276,288,292,1058,1147,1474,1478,3577,3925,4016,4017,4018,4019,
13;0;1882;1886;0;4,5,6,7,8,15,17,19,24,25,27,29,34,35,36,38,45,46,49,52,54,55,60,68,72,76,77,95,97,142,143,144,145,148,152,177,178,179,180,181,182,183,184,206,276,288,292,1058,1474,1676,3577,
36;0;1886;1920;0;4,5,6,7,8,15,17,19,24,25,27,29,34,35,36,38,45,46,49,52,54,55,60,68,72,76,77,95,97,142,143,144,145,148,152,177,178,179,180,181,182,288,298,398,1474,1814,3577,4675,4967,4968,5050,
36;1;1920;1954;0;4,5,6,7,8,15,17,19,24,25,27,29,34,35,36,38,45,46,49,52,54,55,60,68,72,76,77,95,97,142,143,144,145,148,152,177,178,179,180,181,182,288,298,398,1474,1814,3577,4675,4967,4968,5050,
1;0;1954;2060;1;4,5,6,7,8,15,17,19,24,25,27,29,34,35,36,38,45,46,49,52,54,55,60,68,72,76,77,95,97,142,143,144,145,148,152,177,178,179,180,181,182,288,1474,3577,8465,8466,8467,8480,8481,8482,8483,
48;0;2060;2194;0;4,5,6,7,8,15,17,19,24,25,27,29,34,35,36,38,45,46,49,52,54,55,60,68,72,76,77,95,97,142,143,144,145,148,152,177,178,179,180,181,182,288,320,1474,1764,2901,2961,2962,2963,2964,3577,
48;1;2194;2328;0;4,5,6,7,8,15,17,19,24,25,27,29,34,35,36,38,45,46,49,52,54,55,60,68,72,76,77,95,97,142,143,144,145,148,152,177,178,179,180,181,182,288,320,1474,1764,2901,2961,2962,2963,2964,3577,
17;1;2880;3043;0;4,5,6,7,8,15,17,19,24,25,27,29,34,35,36,38,45,46,49,52,54,55,60,68,72,76,77,95,97,142,143,144,145,148,152,177,178,179,180,181,182,224,288,320,506,519,631,1282,1474,1764,3577,
17;0;3043;3206;0;4,5,6,7,8,15,17,19,24,25,27,29,34,35,36,38,45,46,49,52,54,55,60,68,72,76,77,95,97,142,143,144,145,148,152,177,178,179,180,181,182,224,288,320,506,519,631,1282,1474,1764,3577,
15;1;3206;3307;0;4,5,6,7,8,15,17,19,24,25,27,29,34,35,36,38,45,46,49,52,54,55,60,68,72,76,77,95,97,142,143,144,145,148,152,177,178,179,180,181,182,224,288,320,397,506,519,1474,1480,1921,4091,
15;0;3307;3408;0;4,5,6,7,8,15,17,19,24,25,27,29,34,35,36,38,45,46,49,52,54,55,60,68,72,76,77,95,97,142,143,144,145,148,152,177,178,179,180,181,182,224,288,320,397,506,519,1474,1480,1921,4091,
38;0;3408;3419;0;4,5,6,7,8,15,17,19,24,25,27,29,34,35,36,38,45,46,49,52,54,55,60,68,72,76,77,95,97,142,143,144,145,148,152,177,178,179,180,181,182,224,288,320,397,506,519,8555,8558,9032,9075,
39;0;3419;3423;0;4,5,6,7,8,15,17,19,24,25,27,29,34,35,36,38,45,46,49,52,54,55,60,68,72,76,77,95,97,142,143,144,145,148,152,177,178,179,180,181,182,224,288,320,397,506,519,2220,2846,3606,7591,
39;1;3423;3427;0;4,5,6,7,8,15,17,19,24,25,27,29,34,35,36,38,45,46,49,52,54,55,60,68,72,76,77,95,97,142,143,144,145,148,152,177,178,179,180,181,182,224,288,320,397,506,519,2220,2846,3606,7591,
7;0;3427;3595;1;4,5,6,7,8,15,17,19,24,25,27,29,34,35,36,38,45,46,49,52,54,55,60,68,72,76,77,95,97,142,143,144,145,148,152,177,178,179,180,181,182,224,288,320,397,506,519,553,554,7369,7397,
7;1;3595;3763;1;4,5,6,7,8,15,17,19,24,25,27,29,34,35,36,38,45,46,49,52,54,55,60,68,72,76,77,95,97,142,143,144,145,148,152,177,178,179,180,181,182,224,288,320,397,506,519,553,554,7369,7397,
9;1;4320;4434;1;4,5,6,7,8,15,17,19,24,25,27,29,34,35,36,38,45,46,49,52,54,55,60,68,72,76,77,95,97,142,143,144,145,148,152,177,178,179,180,181,182,224,288,320,397,506,519,8297,8298,8299,8300,
9;0;4434;4548;1;4,5,6,7,8,15,17,19,24,25,27,29,34,35,36,38,45,46,49,52,54,55,60,68,72,76,77,95,97,142,143,144,145,148,152,177,178,179,180,181,182,224,288,320,397,506,519,8297,8298,8299,8300,
6;0;4548;4678;1;4,5,6,7,8,15,17,19,24,25,27,29,34,35,36,38,45,46,49,52,54,55,60,68,72,76,77,95,97,142,143,144,145,148,152,177,178,179,180,181,182,224,288,320,397,506,519,2487,3810,8297,8298,
6;1;4678;4808;1;4,5,6,7,8,15,17,19,24,25,27,29,34,35,36,38,45,46,49,52,54,55,60,68,72,76,77,95,97,142,143,144,145,148,152,177,178,179,180,181,182,224,288,320,397,506,519,2487,3810,8297,8298,
37;0;4808;4826;0;4,5,6,7,8,15,17,19,24,25,27,29,34,35,36,38,45,46,49,52,54,55,60,68,72,76,77,95,97,142,143,144,145,148,152,177,178,179,180,181,182,224,288,320,397,506,519,2487,3686,5957,6009,
37;1;4826;4844;0;4,5,6,7,8,15,17,19,24,25,27,29,34,35,36,38,45,46,49,52,54,55,60,68,72,76,77,95,97,142,143,144,145,148,152,177,178,179,180,181,182,224,288,320,397,506,519,2487,3686,5957,6009,
16;0;4844;4885;0;4,5,6,7,8,15,17,19,24,25,27,29,34,35,36,38,45,46,49,52,54,55,60,68,72,76,77,87,95,97,142,143,144,145,148,152,177,178,179,180,181,182,224,288,320,397,506,519,663,762,2487,
8;1;4885;4913;1;4,5,6,7,8,15,17,19,24,25,27,29,34,35,36,38,45,46,49,52,54,55,60,68,72,76,77,87,95,97,142,143,144,145,148,152,177,178,179,180,181,182,185,224,288,320,397,506,519,663,6654,
8;0;4913;4941;1;4,5,6,7,8,15,17,19,24,25,27,29,34,35,36,38,45,46,49,52,54,55,60,68,72,76,77,87,95,97,142,143,144,145,148,152,177,178,179,180,181,182,185,224,288,320,397,506,519,663,6654,
23;0;4941;4994;0;4,5,6,7,8,15,17,19,24,25,27,29,34,35,36,38,45,46,49,52,54,55,60,68,72,76,77,87,95,97,142,143,144,145,148,152,177,178,179,180,181,182,185,224,288,320,397,506,519,588,2502,
23;1;4994;5047;0;4,5,6,7,8,15,17,19,24,25,27,29,34,35,36,38,45,46,49,52,54,55,60,68,72,76,77,87,95,97,142,143,144,145,148,152,177,178,179,180,181,182,185,224,288,320,397,506,519,588,2502,
END;12;180;23;0;-50
-695
