./input/MyInstancesSameToolSets/n=212,p=0.75,r=0.4,t=1390,v8.csv;./input/Processed/ToolSetInt.csv
6;720;1440
Machine: 0
1;0;0;160;1;4,26,61,86,87,88,89,90,91,92,93,94,95,96,97,98,99,100,101,102,103,104,105,106,107,108,109,135,142,225,226,230,241,259,260,390,391,392,393,394,395,396,397,398,399,400,401,402,403,404,405,428,529,1159,1230,1231,1232,1233,1263,1268,1270,1275,1277,1279,1281,1288,1293,1294,1322,1323,1324,1325,1326,1327,1328,1329,1330,1331,1332,1333,
1;1;160;190;1;4,26,61,86,87,88,89,90,91,92,93,94,95,96,97,98,99,100,101,102,103,104,105,106,107,108,109,135,142,225,226,230,241,259,260,390,391,392,393,394,395,396,397,398,399,400,401,402,403,404,405,428,529,1159,1230,1231,1232,1233,1263,1268,1270,1275,1277,1279,1281,1288,1293,1294,1322,1323,1324,1325,1326,1327,1328,1329,1330,1331,1332,1333,
77;0;190;266;1;4,26,61,86,87,88,89,90,91,92,93,94,95,96,97,98,99,100,101,102,103,104,105,106,107,108,109,135,142,225,226,230,241,259,260,390,391,392,393,394,395,396,397,398,399,400,401,402,403,404,405,428,529,1159,1230,1231,1232,1233,1263,1268,1270,1275,1277,1279,1281,1288,1293,1294,1322,1323,1324,1325,1326,1327,1328,1329,1330,1331,1332,1333,
77;1;266;352;1;4,26,61,86,87,88,89,90,91,92,93,94,95,96,97,98,99,100,101,102,103,104,105,106,107,108,109,135,142,225,226,230,241,259,260,390,391,392,393,394,395,396,397,398,399,400,401,402,403,404,405,428,529,1159,1230,1231,1232,1233,1263,1268,1270,1275,1277,1279,1281,1288,1293,1294,1322,1323,1324,1325,1326,1327,1328,1329,1330,1331,1332,1333,
49;0;352;405;1;4,26,61,86,87,88,89,90,91,92,93,94,95,96,97,98,99,100,101,102,103,104,105,106,107,108,109,135,142,225,226,230,241,259,260,390,391,392,393,394,395,396,397,398,399,400,401,402,403,404,405,428,529,1159,1230,1231,1232,1233,1263,1268,1270,1275,1277,1279,1281,1288,1293,1294,1322,1323,1324,1325,1326,1327,1328,1329,1330,1331,1332,1333,
107;0;405;435;1;4,26,61,86,87,88,89,90,91,92,93,94,95,96,97,98,99,100,101,102,103,104,105,106,107,108,109,135,142,225,226,230,241,259,260,390,391,392,393,394,395,396,397,398,399,400,401,402,403,404,405,428,529,1159,1230,1231,1232,1233,1263,1268,1270,1275,1277,1279,1281,1288,1293,1294,1322,1323,1324,1325,1326,1327,1328,1329,1330,1331,1332,1333,
92;0;435;524;1;4,26,61,86,87,88,89,90,91,92,93,94,95,96,97,98,99,100,101,102,103,104,105,106,107,108,109,135,142,225,226,230,241,259,260,390,391,392,393,394,395,396,397,398,399,400,401,402,403,404,405,428,529,644,769,1052,1053,1159,1230,1231,1232,1233,1234,1235,1236,1237,1263,1268,1270,1275,1277,1279,1281,1288,1293,1294,1322,1323,1324,1325,
92;1;524;560;1;4,26,61,86,87,88,89,90,91,92,93,94,95,96,97,98,99,100,101,102,103,104,105,106,107,108,109,135,142,225,226,230,241,259,260,390,391,392,393,394,395,396,397,398,399,400,401,402,403,404,405,428,529,644,769,1052,1053,1159,1230,1231,1232,1233,1234,1235,1236,1237,1263,1268,1270,1275,1277,1279,1281,1288,1293,1294,1322,1323,1324,1325,
14;0;560;629;1;15,16,18,19,20,24,26,34,36,45,46,54,55,56,57,58,59,61,70,86,87,89,90,91,94,95,100,104,111,135,142,206,225,259,280,390,391,392,393,394,395,398,400,427,460,502,519,554,577,597,604,627,659,769,787,803,1052,1053,1159,1185,1231,1238,1239,1240,1241,1242,1245,1253,1254,1255,1256,1257,1258,1259,1260,1268,1270,1275,1277,1279,
14;1;629;759;1;15,16,18,19,20,24,26,34,36,45,46,54,55,56,57,58,59,61,70,86,87,89,90,91,94,95,100,104,111,135,142,206,225,259,280,390,391,392,393,394,395,398,400,427,460,502,519,554,577,597,604,627,659,769,787,803,1052,1053,1159,1185,1231,1238,1239,1240,1241,1242,1245,1253,1254,1255,1256,1257,1258,1259,1260,1268,1270,1275,1277,1279,
17;0;1440;1550;1;15,16,18,19,20,24,26,34,36,45,46,54,55,56,57,58,59,61,70,86,87,89,90,91,94,95,100,104,111,135,142,144,180,206,225,259,262,280,305,307,312,314,379,380,381,382,383,384,385,386,387,388,390,391,392,393,394,395,398,400,427,460,592,594,597,627,659,769,787,803,1052,1053,1159,1185,1231,1268,1270,1275,1277,1279,
98;0;1550;1687;1;15,16,18,19,20,24,26,34,36,45,46,54,55,56,57,58,59,61,70,86,87,89,90,91,94,95,100,104,111,135,142,144,180,206,225,259,262,280,305,307,312,314,379,380,381,382,383,384,385,387,388,390,391,392,393,394,395,398,400,427,460,592,594,597,627,663,762,769,787,803,1052,1053,1159,1185,1231,1268,1270,1275,1277,1279,
58;0;1687;1736;1;15,16,17,18,19,20,24,25,26,27,29,34,35,36,45,46,54,55,56,57,58,59,61,68,70,76,77,86,87,89,90,91,94,95,100,104,111,135,142,144,180,206,225,259,262,280,305,307,312,314,379,380,381,382,383,384,385,390,391,392,393,394,395,398,400,427,592,594,597,627,762,769,787,803,1052,1053,1159,1185,1231,1268,
36;0;1736;1789;1;15,16,17,18,19,20,24,25,26,27,29,34,35,36,45,46,54,55,56,57,58,59,61,70,76,86,87,89,90,91,94,95,100,104,111,135,142,144,180,206,225,259,262,280,305,307,312,314,379,380,381,382,383,384,385,390,391,392,393,394,395,398,400,421,427,592,594,597,627,762,769,787,803,1052,1053,1159,1179,1180,1185,1231,
36;1;1789;1833;1;15,16,17,18,19,20,24,25,26,27,29,34,35,36,45,46,54,55,56,57,58,59,61,70,76,86,87,89,90,91,94,95,100,104,111,135,142,144,180,206,225,259,262,280,305,307,312,314,379,380,381,382,383,384,385,390,391,392,393,394,395,398,400,421,427,592,594,597,627,762,769,787,803,1052,1053,1159,1179,1180,1185,1231,
108;0;1833;1991;1;15,16,17,18,19,20,24,25,26,27,29,30,34,35,36,37,38,39,40,43,45,46,51,52,53,54,55,56,57,58,59,61,70,76,86,87,89,90,91,94,95,104,111,135,144,206,225,259,262,280,305,314,379,380,390,391,392,393,394,395,398,427,485,578,597,627,762,769,787,803,864,865,866,867,868,1052,1053,1159,1185,1231,
108;1;1991;2013;1;15,16,17,18,19,20,24,25,26,27,29,30,34,35,36,37,38,39,40,43,45,46,51,52,53,54,55,56,57,58,59,61,70,76,86,87,89,90,91,94,95,104,111,135,144,206,225,259,262,280,305,314,379,380,390,391,392,393,394,395,398,427,485,578,597,627,762,769,787,803,864,865,866,867,868,1052,1053,1159,1185,1231,
76;0;2013;2047;1;2,5,6,15,16,17,18,19,20,24,26,29,34,35,36,37,38,43,45,46,51,52,53,54,55,56,57,58,59,61,70,87,89,90,95,111,135,144,280,288,390,391,393,395,427,597,762,838,854,927,948,949,1050,1052,1053,1060,1159,1185,1231,1358,1359,1360,1361,1362,1363,1364,1365,1366,1367,1368,1369,1370,1371,1372,1373,1374,1375,1376,1377,1378,
72;0;2047;2158;1;2,5,6,15,16,17,18,19,20,24,26,29,34,35,36,37,38,43,45,46,51,52,53,54,55,56,57,58,59,61,70,87,89,90,95,111,135,137,144,149,280,288,308,390,391,395,427,597,762,838,854,891,938,948,949,1050,1052,1053,1117,1145,1146,1147,1148,1159,1163,1164,1165,1166,1167,1168,1169,1170,1171,1172,1173,1174,1175,1176,1177,1185,
72;1;2158;2231;1;2,5,6,15,16,17,18,19,20,24,26,29,34,35,36,37,38,43,45,46,51,52,53,54,55,56,57,58,59,61,70,87,89,90,95,111,135,137,144,149,280,288,308,390,391,395,427,597,762,838,854,891,938,948,949,1050,1052,1053,1117,1145,1146,1147,1148,1159,1163,1164,1165,1166,1167,1168,1169,1170,1171,1172,1173,1174,1175,1176,1177,1185,
8;0;2880;2955;1;2,5,6,15,16,17,18,19,20,24,26,29,34,35,36,37,38,43,45,46,51,52,53,54,55,56,57,58,59,61,70,87,89,90,95,111,135,137,144,149,280,288,308,329,330,331,332,333,390,391,395,427,597,762,838,854,891,938,948,949,1050,1052,1053,1117,1145,1146,1147,1148,1159,1163,1164,1165,1166,1167,1168,1169,1170,1171,1174,1185,
25;0;2955;3044;1;2,5,6,15,16,17,18,19,20,24,26,29,34,35,36,37,38,41,43,45,46,48,49,51,52,53,54,55,56,57,58,59,60,61,70,87,89,90,95,111,135,137,144,149,203,278,279,280,281,282,288,308,329,330,331,332,333,390,391,395,427,597,762,838,854,891,938,948,949,1050,1052,1053,1117,1145,1146,1147,1148,1159,1174,1185,
25;1;3044;3133;1;2,5,6,15,16,17,18,19,20,24,26,29,34,35,36,37,38,41,43,45,46,48,49,51,52,53,54,55,56,57,58,59,60,61,70,87,89,90,95,111,135,137,144,149,203,278,279,280,281,282,288,308,329,330,331,332,333,390,391,395,427,597,762,838,854,891,938,948,949,1050,1052,1053,1117,1145,1146,1147,1148,1159,1174,1185,
35;0;3133;3289;1;2,15,16,17,18,19,20,21,24,26,29,34,35,36,37,38,41,42,43,44,45,46,48,49,51,52,53,54,55,56,57,58,59,60,61,70,87,89,90,95,110,111,135,137,144,149,190,222,308,390,427,510,597,632,633,762,802,805,838,854,871,949,1050,1053,1117,1146,1185,1215,1216,1217,1218,1219,1220,1221,1222,1223,1224,1225,1226,1227,
103;0;3289;3323;1;2,15,16,17,18,19,20,21,24,26,29,34,35,36,37,38,41,42,43,44,45,46,48,49,51,52,53,54,55,56,57,58,59,60,61,70,87,89,90,95,110,111,135,137,144,149,190,222,308,390,427,510,597,632,633,762,763,764,766,768,773,802,805,831,838,844,854,871,944,949,1041,1042,1043,1050,1053,1117,1146,1185,1215,1224,
103;1;3323;3357;1;2,15,16,17,18,19,20,21,24,26,29,34,35,36,37,38,41,42,43,44,45,46,48,49,51,52,53,54,55,56,57,58,59,60,61,70,87,89,90,95,110,111,135,137,144,149,190,222,308,390,427,510,597,632,633,762,763,764,766,768,773,802,805,831,838,844,854,871,944,949,1041,1042,1043,1050,1053,1117,1146,1185,1215,1224,
85;0;3357;3466;1;2,15,16,17,18,19,20,21,24,26,29,34,35,36,37,38,41,42,43,44,45,46,48,49,51,52,53,54,55,56,57,58,59,60,61,70,87,89,90,95,110,111,135,137,144,149,190,222,308,354,355,356,357,390,427,510,597,632,633,762,763,764,766,768,773,802,805,831,838,844,854,871,944,949,1050,1053,1117,1146,1185,1224,
56;0;3466;3569;1;2,15,16,17,18,19,20,21,22,23,24,25,26,29,34,35,36,37,38,39,40,41,42,43,44,45,46,48,49,50,51,52,53,54,55,56,57,58,59,60,61,70,87,89,90,95,110,111,135,137,144,149,190,308,390,427,632,633,762,763,764,766,768,773,802,805,831,838,844,854,871,944,949,954,1050,1053,1117,1146,1185,1224,
69;0;3569;3614;1;15,16,17,18,19,20,21,22,23,24,25,26,29,34,35,36,37,38,39,40,41,42,43,44,45,46,48,49,50,51,52,53,54,55,56,57,58,59,60,61,87,89,95,144,267,268,272,273,287,289,303,308,390,434,762,764,766,768,831,844,902,903,904,905,921,922,936,940,1050,1053,1146,1204,1205,1206,1207,1208,1209,1210,1211,1212,
26;0;4320;4471;1;15,16,17,18,19,20,21,22,23,24,25,26,27,29,30,34,35,36,37,38,39,40,41,42,43,44,45,46,48,49,50,51,52,53,54,55,56,57,58,59,60,61,87,89,95,144,267,268,272,273,287,289,303,308,390,434,496,762,764,766,768,831,844,902,903,904,905,921,922,936,940,1050,1053,1141,1146,1155,1156,1204,1205,1206,
26;1;4471;4628;1;15,16,17,18,19,20,21,22,23,24,25,26,27,29,30,34,35,36,37,38,39,40,41,42,43,44,45,46,48,49,50,51,52,53,54,55,56,57,58,59,60,61,87,89,95,144,267,268,272,273,287,289,303,308,390,434,496,762,764,766,768,831,844,902,903,904,905,921,922,936,940,1050,1053,1141,1146,1155,1156,1204,1205,1206,
87;0;4628;4707;1;15,16,17,18,19,20,21,22,23,24,25,26,27,28,29,30,34,35,36,37,38,39,40,41,42,43,44,45,46,48,49,50,51,52,53,54,55,56,57,58,59,60,61,87,89,95,144,267,268,272,273,287,289,303,308,390,434,449,496,762,764,766,768,831,844,902,903,904,905,921,1050,1053,1141,1146,1155,1156,1157,1160,1161,1162,
87;1;4707;4810;1;15,16,17,18,19,20,21,22,23,24,25,26,27,28,29,30,34,35,36,37,38,39,40,41,42,43,44,45,46,48,49,50,51,52,53,54,55,56,57,58,59,60,61,87,89,95,144,267,268,272,273,287,289,303,308,390,434,449,496,762,764,766,768,831,844,902,903,904,905,921,1050,1053,1141,1146,1155,1156,1157,1160,1161,1162,
29;0;4810;4907;1;15,16,17,18,19,20,21,22,23,24,25,26,27,28,29,30,34,35,36,37,38,39,40,41,42,43,44,45,46,48,49,50,51,52,53,54,55,56,57,58,59,60,61,87,89,95,144,145,225,228,229,233,259,261,262,263,264,267,272,273,287,289,303,308,390,449,762,764,766,768,831,844,1050,1053,1141,1146,1155,1157,1160,1162,
38;0;4907;4985;1;7,8,15,16,17,18,19,20,21,22,23,24,25,26,27,28,29,30,34,35,36,37,38,39,40,41,42,43,44,45,46,48,49,50,51,52,53,54,55,56,57,58,59,60,61,87,89,95,144,145,225,262,272,273,390,392,394,398,449,762,764,766,768,831,844,1049,1050,1053,1054,1057,1058,1059,1141,1146,1155,1157,1160,1162,1228,1229,
109;0;4985;5125;1;7,8,15,16,17,18,19,20,21,22,23,24,25,26,27,28,29,30,34,35,36,37,38,39,40,41,42,43,44,45,46,48,49,50,51,52,53,54,55,56,57,58,59,60,61,87,89,95,144,145,152,225,262,272,273,390,392,394,398,449,476,762,764,766,768,831,844,962,1049,1050,1053,1054,1085,1141,1143,1146,1155,1157,1160,1162,
10;0;5760;5917;1;7,8,15,16,17,18,19,20,21,22,23,24,25,26,27,28,29,30,34,35,36,37,38,39,40,41,42,43,44,45,46,48,49,50,51,52,53,54,55,56,57,58,59,60,61,87,89,95,144,145,178,184,225,262,272,273,302,379,380,390,392,394,449,476,762,764,766,768,831,844,962,1049,1053,1085,1141,1146,1155,1157,1160,1162,
79;0;5917;5985;1;15,16,17,18,19,20,21,22,23,24,25,26,27,28,29,30,34,35,36,37,38,39,40,41,42,43,44,45,46,48,49,50,51,52,53,54,55,56,57,58,59,60,61,72,87,89,144,145,170,178,184,225,246,251,262,272,302,379,380,449,476,762,764,766,768,831,844,875,882,887,962,1085,1155,1157,1418,1419,1420,1421,1422,1423,
79;1;5985;6100;1;15,16,17,18,19,20,21,22,23,24,25,26,27,28,29,30,34,35,36,37,38,39,40,41,42,43,44,45,46,48,49,50,51,52,53,54,55,56,57,58,59,60,61,72,87,89,144,145,170,178,184,225,246,251,262,272,302,379,380,449,476,762,764,766,768,831,844,875,882,887,962,1085,1155,1157,1418,1419,1420,1421,1422,1423,
67;0;6100;6109;1;15,16,17,18,19,20,21,22,23,24,25,28,34,35,36,37,38,39,40,41,42,43,44,45,46,48,49,50,51,52,53,54,55,56,57,58,59,60,61,87,89,94,104,140,144,262,276,349,380,693,762,764,766,768,769,772,831,833,834,844,854,863,945,947,949,1019,1020,1021,1022,1023,1024,1025,1026,1027,1028,1029,1030,1031,1085,1157,
2;0;6109;6184;1;15,16,17,18,19,20,21,22,23,24,25,28,34,35,36,37,38,39,40,41,42,43,44,45,46,48,49,50,51,52,53,54,55,56,57,58,59,60,61,87,89,94,104,140,144,262,276,349,380,693,714,762,764,765,766,768,769,771,772,831,833,834,844,854,863,945,947,949,1019,1020,1021,1022,1023,1024,1025,1044,1045,1046,1085,1157,
88;0;6184;6358;1;16,19,22,24,41,42,43,46,48,50,53,55,59,61,89,144,206,276,627,632,635,764,766,769,778,779,780,781,782,783,784,785,786,787,788,789,790,791,792,793,794,795,796,797,798,799,800,801,802,803,804,805,806,807,808,809,810,811,812,813,814,815,816,817,818,819,820,821,822,823,824,825,826,827,828,829,831,833,834,844,
34;0;6358;6530;1;16,19,22,24,41,42,43,46,48,50,53,55,59,61,86,89,91,144,206,276,314,337,627,632,635,690,764,765,766,769,770,778,779,780,781,782,783,784,785,786,787,788,789,790,791,792,793,794,795,796,802,816,818,827,830,831,832,833,834,835,836,837,838,839,840,841,842,843,844,845,846,847,848,849,850,851,852,853,854,855,
34;1;6530;6671;1;16,19,22,24,41,42,43,46,48,50,53,55,59,61,86,89,91,144,206,276,314,337,627,632,635,690,764,765,766,769,770,778,779,780,781,782,783,784,785,786,787,788,789,790,791,792,793,794,795,796,802,816,818,827,830,831,832,833,834,835,836,837,838,839,840,841,842,843,844,845,846,847,848,849,850,851,852,853,854,855,
81;0;7200;7344;1;15,16,17,19,20,22,24,25,34,35,37,38,39,40,41,42,43,46,48,50,53,55,56,59,61,74,86,89,91,144,206,276,314,337,448,627,632,635,690,722,764,765,766,769,770,778,779,780,781,782,783,784,787,802,816,818,827,831,833,834,835,836,841,842,843,844,849,852,853,854,855,1083,1084,1085,1086,1087,1088,1089,1090,1091,
0;0;7344;7348;1;15,16,17,18,19,20,21,22,23,24,25,28,34,35,36,37,38,39,40,41,42,43,44,45,46,48,49,50,51,52,53,54,55,56,57,58,59,60,61,74,76,86,89,91,144,206,276,314,337,448,627,632,635,690,722,764,765,766,769,770,778,787,818,827,831,833,834,835,836,841,843,844,852,853,854,855,1085,1088,1089,1157,
78;0;7348;7475;1;15,16,17,18,19,20,21,22,23,24,25,28,34,35,36,37,38,39,40,41,42,43,44,45,46,48,49,50,51,52,53,54,55,56,57,58,59,60,61,74,76,89,144,180,206,262,276,305,307,312,314,379,380,381,384,385,442,448,592,593,594,596,627,632,635,722,764,765,766,769,770,834,841,844,854,855,1085,1088,1089,1157,
57;0;7475;7490;1;15,16,17,18,19,20,21,22,23,24,25,28,34,35,36,37,38,39,40,41,42,43,44,45,46,48,49,50,51,52,53,54,55,56,57,58,59,60,61,74,76,89,144,180,206,262,276,305,307,312,314,379,380,381,384,385,442,448,556,594,627,632,635,722,764,765,766,769,770,834,841,844,854,855,968,969,1085,1088,1089,1157,
24;0;7490;7530;1;15,16,17,18,19,20,21,22,23,24,25,28,34,35,36,37,38,39,40,41,42,43,44,45,46,48,49,50,51,52,53,54,55,56,57,58,59,60,61,74,76,89,144,180,206,262,276,305,307,312,314,379,380,381,384,385,442,448,450,485,594,627,632,635,722,764,765,766,770,834,844,854,855,965,966,967,1085,1088,1089,1157,
59;0;7530;7586;1;15,16,17,18,19,20,21,22,23,24,25,28,34,35,36,37,38,39,40,41,42,43,44,45,46,48,49,50,51,52,53,54,55,56,57,58,59,60,61,74,76,89,144,156,180,185,186,187,188,189,190,191,192,193,194,195,196,197,198,262,276,305,307,312,314,379,380,381,384,448,485,632,764,765,766,854,855,1085,1088,1089,
59;1;7586;7720;1;15,16,17,18,19,20,21,22,23,24,25,28,34,35,36,37,38,39,40,41,42,43,44,45,46,48,49,50,51,52,53,54,55,56,57,58,59,60,61,74,76,89,144,156,180,185,186,187,188,189,190,191,192,193,194,195,196,197,198,262,276,305,307,312,314,379,380,381,384,448,485,632,764,765,766,854,855,1085,1088,1089,
43;0;7720;7840;1;15,16,17,19,20,22,23,24,25,28,34,35,36,37,38,39,40,41,42,44,45,46,49,52,54,55,56,57,58,60,61,66,74,76,144,154,155,156,157,158,159,160,161,162,163,164,165,166,167,168,171,172,174,180,185,190,198,251,252,253,254,255,256,257,258,262,305,307,312,314,379,380,381,448,485,632,854,855,1085,1088,
73;0;7840;8009;1;15,16,17,19,20,22,23,24,25,26,28,34,35,36,37,38,39,40,41,42,44,45,46,49,52,54,55,56,57,58,60,61,66,74,76,144,154,155,156,157,158,180,185,190,198,255,262,305,307,312,314,379,380,381,408,412,415,427,448,479,485,490,537,632,730,854,855,1085,1088,1155,1432,1433,1434,1435,1436,1437,1438,1439,1440,1441,
Machine: 1
104;0;0;34;1;15,16,17,19,20,22,23,24,25,26,28,34,35,36,37,38,39,40,41,42,44,45,46,49,52,54,55,56,57,58,60,61,66,74,76,144,154,155,156,157,158,180,185,190,198,255,262,305,307,312,314,379,380,381,408,412,415,427,448,449,479,485,490,537,576,632,662,730,854,855,1085,1088,1155,1432,1433,1434,1435,1436,1437,1438,
104;1;34;204;1;15,16,17,19,20,22,23,24,25,26,28,34,35,36,37,38,39,40,41,42,44,45,46,49,52,54,55,56,57,58,60,61,66,74,76,144,154,155,156,157,158,180,185,190,198,255,262,305,307,312,314,379,380,381,408,412,415,427,448,449,479,485,490,537,576,632,662,730,854,855,1085,1088,1155,1432,1433,1434,1435,1436,1437,1438,
86;0;204;307;1;15,16,17,19,20,22,23,24,25,26,28,34,35,36,37,38,39,40,41,42,44,45,46,49,52,54,55,56,57,58,60,61,66,74,76,144,154,155,156,157,158,180,185,190,198,255,262,305,307,312,314,379,380,381,408,412,415,425,427,448,449,479,485,490,537,551,576,632,662,730,854,855,977,1011,1047,1085,1088,1155,1432,1433,
9;0;307;375;1;15,16,17,19,20,22,23,24,25,26,28,34,35,36,37,38,39,40,41,42,44,45,46,49,52,54,55,56,57,58,60,61,63,66,74,76,144,180,190,198,249,255,262,305,307,312,314,379,380,381,408,412,415,425,427,448,449,480,490,533,576,632,662,737,854,855,955,956,957,958,959,960,961,962,963,964,977,1011,1085,1088,
23;0;375;409;1;15,16,17,19,20,22,23,24,25,26,28,34,35,36,37,38,39,40,41,42,44,45,46,49,52,54,55,56,57,58,60,61,63,66,74,76,137,144,177,178,179,180,190,198,225,255,262,272,305,307,311,312,314,379,380,381,382,383,408,412,415,427,448,449,490,632,662,854,855,977,1011,1032,1033,1034,1035,1036,1037,1038,1085,1088,
23;1;409;486;1;15,16,17,19,20,22,23,24,25,26,28,34,35,36,37,38,39,40,41,42,44,45,46,49,52,54,55,56,57,58,60,61,63,66,74,76,137,144,177,178,179,180,190,198,225,255,262,272,305,307,311,312,314,379,380,381,382,383,408,412,415,427,448,449,490,632,662,854,855,977,1011,1032,1033,1034,1035,1036,1037,1038,1085,1088,
60;0;486;601;1;15,16,17,19,20,22,23,24,25,26,28,29,34,35,36,37,38,39,40,41,42,44,45,46,49,52,54,55,56,57,58,60,61,63,66,74,76,79,137,144,177,178,179,180,198,225,255,262,272,305,307,311,312,314,379,380,381,382,383,408,412,415,427,448,449,476,490,632,655,662,854,855,977,995,1011,1085,1088,1113,1114,1115,
100;0;601;749;1;1,10,12,15,16,17,19,20,22,23,24,25,26,28,29,34,35,36,37,38,39,40,41,42,44,45,46,49,52,54,55,56,57,58,60,61,63,66,74,76,100,135,136,137,138,139,140,141,142,143,144,145,146,147,148,149,177,178,179,180,198,225,255,262,272,305,307,311,312,314,379,380,381,382,383,412,476,662,854,855,
94;0;1440;1549;1;2,15,16,17,19,20,22,23,24,25,26,28,29,34,35,36,37,38,39,40,41,42,44,45,46,49,52,54,55,56,57,58,60,61,63,66,74,76,144,177,178,179,180,198,225,231,255,262,305,307,311,312,314,329,379,380,381,382,383,400,412,640,647,854,855,933,948,1093,1116,1117,1118,1119,1120,1121,1122,1123,1124,1125,1126,1127,
94;1;1549;1618;1;2,15,16,17,19,20,22,23,24,25,26,28,29,34,35,36,37,38,39,40,41,42,44,45,46,49,52,54,55,56,57,58,60,61,63,66,74,76,144,177,178,179,180,198,225,231,255,262,305,307,311,312,314,329,379,380,381,382,383,400,412,640,647,854,855,933,948,1093,1116,1117,1118,1119,1120,1121,1122,1123,1124,1125,1126,1127,
55;0;1618;1698;1;15,16,17,19,20,22,23,24,25,26,28,29,34,35,36,38,40,41,42,44,45,46,49,52,54,55,56,57,60,76,144,177,179,180,198,225,248,255,262,305,307,312,379,380,381,382,383,412,529,1266,1267,1268,1269,1270,1271,1272,1273,1274,1275,1276,1277,1278,1279,1280,1281,1282,1283,1284,1285,1286,1287,1288,1289,1290,1291,1292,1293,1294,1295,1296,
84;0;1698;1767;1;15,16,17,19,20,22,23,24,25,26,28,29,34,35,36,38,40,41,42,44,45,46,49,52,54,55,56,57,60,76,144,177,179,180,198,225,248,255,262,305,307,312,313,379,380,381,382,383,388,389,412,529,1266,1267,1268,1269,1270,1271,1272,1273,1274,1275,1276,1277,1278,1279,1280,1281,1282,1283,1284,1285,1286,1287,1288,1289,1290,1291,1292,1293,
68;0;1767;1890;1;15,16,17,19,20,22,23,24,25,26,28,29,34,35,36,38,40,41,42,44,45,46,49,52,54,55,56,57,60,76,144,177,179,180,198,225,248,255,262,305,307,312,313,379,380,381,382,383,388,389,412,529,881,1266,1267,1268,1269,1270,1271,1272,1273,1274,1275,1276,1277,1278,1279,1280,1281,1282,1283,1284,1285,1286,1287,1288,1289,1290,1291,1292,
68;1;1890;2021;1;15,16,17,19,20,22,23,24,25,26,28,29,34,35,36,38,40,41,42,44,45,46,49,52,54,55,56,57,60,76,144,177,179,180,198,225,248,255,262,305,307,312,313,379,380,381,382,383,388,389,412,529,881,1266,1267,1268,1269,1270,1271,1272,1273,1274,1275,1276,1277,1278,1279,1280,1281,1282,1283,1284,1285,1286,1287,1288,1289,1290,1291,1292,
90;0;2021;2118;1;15,16,17,19,20,22,23,24,25,26,28,29,34,35,36,38,40,41,42,44,45,46,49,52,54,55,56,57,60,76,144,177,179,180,198,225,248,255,262,305,307,312,313,379,380,381,382,383,388,389,412,417,452,453,454,455,456,457,458,459,460,461,462,463,464,465,466,467,468,469,470,529,881,1266,1267,1268,1269,1270,1271,1272,
116;0;2118;2247;1;15,16,17,19,20,22,23,24,25,26,28,29,34,35,36,38,40,41,42,44,45,46,49,52,54,55,56,57,60,76,144,177,179,180,189,198,225,248,255,262,305,307,312,313,379,380,381,382,383,388,389,412,417,452,453,454,455,456,457,458,459,460,461,462,463,464,465,466,467,468,469,470,529,871,872,873,874,972,1089,1456,
116;1;2247;2401;1;15,16,17,19,20,22,23,24,25,26,28,29,34,35,36,38,40,41,42,44,45,46,49,52,54,55,56,57,60,76,144,177,179,180,189,198,225,248,255,262,305,307,312,313,379,380,381,382,383,388,389,412,417,452,453,454,455,456,457,458,459,460,461,462,463,464,465,466,467,468,469,470,529,871,872,873,874,972,1089,1456,
112;0;2880;2970;1;15,16,17,18,19,20,21,22,23,24,25,26,27,28,29,30,31,32,33,34,35,36,38,40,41,42,44,45,46,49,52,54,55,56,57,60,76,144,177,179,180,189,198,225,248,255,262,305,307,312,313,379,380,381,382,383,388,389,412,417,452,453,454,455,456,457,458,459,460,461,462,469,529,871,872,873,874,972,1089,1456,
113;0;2970;3043;1;15,16,17,18,19,20,21,22,23,24,25,26,27,28,29,30,32,33,34,35,36,38,40,41,42,44,45,46,49,52,54,55,56,57,60,76,97,144,177,179,180,183,189,225,248,262,305,306,307,312,313,323,379,380,381,382,383,384,388,389,395,412,417,452,456,460,469,529,871,872,873,874,972,1089,1130,1132,1137,1379,1456,1458,
45;0;3043;3132;1;15,16,17,18,19,20,21,22,23,24,25,26,27,29,34,35,36,37,38,39,40,41,42,43,44,45,46,47,48,49,50,51,52,53,54,55,56,57,58,59,60,61,62,63,64,65,66,67,68,69,70,71,72,73,74,75,97,144,177,179,183,225,262,305,306,307,312,313,323,379,380,381,382,383,384,412,417,1130,1132,1137,
45;1;3132;3292;1;15,16,17,18,19,20,21,22,23,24,25,26,27,29,34,35,36,37,38,39,40,41,42,43,44,45,46,47,48,49,50,51,52,53,54,55,56,57,58,59,60,61,62,63,64,65,66,67,68,69,70,71,72,73,74,75,97,144,177,179,183,225,262,305,306,307,312,313,323,379,380,381,382,383,384,412,417,1130,1132,1137,
50;0;3292;3404;1;15,16,17,18,19,20,21,22,23,24,25,26,27,29,34,35,36,37,38,39,40,41,42,43,44,45,46,48,49,50,51,52,53,54,55,56,57,58,59,60,61,65,66,68,71,72,74,97,144,177,178,179,183,184,225,262,272,302,304,305,306,307,311,312,313,323,379,380,381,382,383,384,412,417,1128,1129,1130,1131,1132,1137,
50;1;3404;3541;1;15,16,17,18,19,20,21,22,23,24,25,26,27,29,34,35,36,37,38,39,40,41,42,43,44,45,46,48,49,50,51,52,53,54,55,56,57,58,59,60,61,65,66,68,71,72,74,97,144,177,178,179,183,184,225,262,272,302,304,305,306,307,311,312,313,323,379,380,381,382,383,384,412,417,1128,1129,1130,1131,1132,1137,
110;0;3541;3656;1;15,16,17,18,19,20,21,22,23,24,25,26,27,29,34,35,36,37,38,39,40,41,42,43,44,45,46,48,49,50,51,52,53,54,55,56,57,58,59,60,61,65,66,68,71,72,74,97,144,178,179,183,184,225,262,302,304,305,306,307,311,312,313,323,379,380,381,382,383,412,417,447,579,656,980,1132,1137,1152,1153,1154,
110;1;3656;3785;1;15,16,17,18,19,20,21,22,23,24,25,26,27,29,34,35,36,37,38,39,40,41,42,43,44,45,46,48,49,50,51,52,53,54,55,56,57,58,59,60,61,65,66,68,71,72,74,97,144,178,179,183,184,225,262,302,304,305,306,307,311,312,313,323,379,380,381,382,383,412,417,447,579,656,980,1132,1137,1152,1153,1154,
54;0;4320;4375;1;15,16,17,18,19,20,21,22,23,24,25,26,27,29,34,35,36,37,38,39,40,41,42,43,44,45,46,48,49,50,51,52,53,54,55,56,57,58,59,60,61,65,66,68,71,72,74,97,144,178,179,183,225,262,273,302,304,305,306,307,309,311,312,313,379,380,381,382,383,412,417,447,579,656,1048,1132,1135,1136,1137,1159,
82;0;4375;4407;1;15,16,17,18,19,20,21,22,24,25,26,29,34,35,36,37,38,41,42,43,44,45,46,48,49,50,51,52,53,54,55,56,57,58,60,61,66,89,90,103,144,178,262,276,305,307,312,313,379,380,381,382,383,412,417,715,764,765,766,770,834,844,854,1072,1174,1214,1442,1443,1444,1445,1446,1447,1448,1449,1450,1451,1452,1453,1454,1455,
99;0;4407;4464;1;15,16,17,18,19,20,21,22,24,25,26,29,34,35,36,37,38,41,42,43,44,45,46,48,49,50,51,52,53,54,55,56,57,58,60,61,66,89,90,103,144,178,262,276,305,307,312,313,364,379,380,381,382,383,412,417,476,504,662,715,722,723,724,725,764,765,766,770,834,844,854,1072,1214,1442,1443,1444,1448,1449,1450,1451,
99;1;4464;4505;1;15,16,17,18,19,20,21,22,24,25,26,29,34,35,36,37,38,41,42,43,44,45,46,48,49,50,51,52,53,54,55,56,57,58,60,61,66,89,90,103,144,178,262,276,305,307,312,313,364,379,380,381,382,383,412,417,476,504,662,715,722,723,724,725,764,765,766,770,834,844,854,1072,1214,1442,1443,1444,1448,1449,1450,1451,
63;0;4505;4630;1;15,16,17,18,19,20,21,22,24,25,26,29,34,35,36,37,38,41,42,43,44,45,46,48,49,50,51,52,53,54,55,56,57,58,60,61,66,89,90,103,110,111,144,178,262,276,305,307,312,313,364,379,380,381,382,383,412,417,476,504,635,662,715,764,765,766,770,834,844,854,977,1011,1063,1072,1214,1425,1426,1427,1442,1443,
66;0;4630;4761;1;15,16,17,18,19,20,21,22,24,25,26,34,35,36,37,38,41,42,43,44,45,46,48,49,50,51,52,53,54,55,56,57,58,60,61,66,89,90,103,110,111,144,178,262,276,305,307,312,313,359,364,379,380,381,382,383,406,407,408,409,410,411,412,413,414,415,416,417,476,635,764,765,766,770,834,844,854,1011,1072,1214,
66;1;4761;4777;1;15,16,17,18,19,20,21,22,24,25,26,34,35,36,37,38,41,42,43,44,45,46,48,49,50,51,52,53,54,55,56,57,58,60,61,66,89,90,103,110,111,144,178,262,276,305,307,312,313,359,364,379,380,381,382,383,406,407,408,409,410,411,412,413,414,415,416,417,476,635,764,765,766,770,834,844,854,1011,1072,1214,
97;0;4777;4921;1;15,16,17,18,19,20,21,22,24,25,26,34,35,36,37,38,41,42,43,44,45,46,48,49,50,51,52,53,54,55,56,57,58,60,61,66,89,90,103,110,111,144,178,262,276,305,307,312,313,359,364,379,380,381,382,383,385,387,406,408,409,412,415,442,476,594,635,764,765,766,770,834,844,854,1011,1040,1072,1214,1380,1381,
95;0;4921;4941;1;15,16,17,18,19,20,21,22,24,25,26,34,35,36,37,38,41,42,43,44,45,46,48,49,50,51,52,53,54,55,56,57,58,60,61,66,89,90,103,110,111,144,178,262,276,305,307,312,313,364,379,380,381,409,412,415,442,460,476,487,488,489,490,491,492,493,594,635,764,765,766,770,834,844,854,1011,1040,1072,1214,1380,
41;0;4941;5096;1;15,16,17,18,19,20,21,22,24,25,26,34,35,36,37,38,41,42,43,44,45,46,48,49,50,51,52,53,54,55,56,57,58,60,61,66,89,90,103,110,111,144,178,262,276,305,307,312,313,364,415,476,621,622,623,624,625,626,627,628,629,630,631,632,633,634,635,636,637,638,764,765,766,770,834,844,854,1011,1072,1214,
3;0;5760;5869;1;15,16,17,18,19,20,21,22,24,25,26,34,35,36,37,38,41,42,43,44,45,46,48,49,50,51,52,53,54,55,56,57,58,60,61,89,90,103,110,116,118,119,120,121,122,123,124,125,126,127,128,129,130,131,132,133,134,144,178,262,276,305,307,312,313,364,415,476,628,635,764,765,766,770,834,844,854,1011,1072,1214,
3;1;5869;6017;1;15,16,17,18,19,20,21,22,24,25,26,34,35,36,37,38,41,42,43,44,45,46,48,49,50,51,52,53,54,55,56,57,58,60,61,89,90,103,110,116,118,119,120,121,122,123,124,125,126,127,128,129,130,131,132,133,134,144,178,262,276,305,307,312,313,364,415,476,628,635,764,765,766,770,834,844,854,1011,1072,1214,
64;0;6017;6100;1;15,16,17,18,19,20,21,22,23,24,25,26,27,28,34,35,36,37,38,39,40,41,42,43,44,45,46,48,49,50,51,52,53,54,55,56,57,58,59,60,61,89,90,103,110,116,118,119,120,126,128,144,178,262,276,305,307,312,313,364,415,449,476,628,635,764,765,766,770,834,844,854,1011,1072,1157,1160,1162,1214,1334,1335,
64;1;6100;6254;1;15,16,17,18,19,20,21,22,23,24,25,26,27,28,34,35,36,37,38,39,40,41,42,43,44,45,46,48,49,50,51,52,53,54,55,56,57,58,59,60,61,89,90,103,110,116,118,119,120,126,128,144,178,262,276,305,307,312,313,364,415,449,476,628,635,764,765,766,770,834,844,854,1011,1072,1157,1160,1162,1214,1334,1335,
89;0;6254;6424;1;15,16,17,18,19,20,21,22,24,25,26,28,34,35,36,37,38,39,40,41,42,43,44,45,46,48,49,50,51,52,53,54,55,56,57,60,61,71,89,90,103,110,144,178,262,276,305,307,312,313,364,415,421,422,424,426,427,449,476,483,628,635,764,765,766,770,834,844,854,973,1011,1013,1072,1157,1193,1194,1195,1196,1197,1214,
70;0;6424;6580;1;15,16,17,18,19,20,21,22,24,25,26,28,34,35,36,37,38,39,40,41,42,43,44,45,46,48,49,50,51,52,53,54,55,56,57,60,61,89,90,103,110,144,178,189,262,276,305,307,312,313,364,415,421,422,424,426,449,476,483,628,635,764,765,766,770,834,844,854,871,872,873,874,972,1011,1072,1142,1157,1214,1456,1457,
30;0;7200;7294;1;15,16,17,18,19,20,21,24,25,26,28,30,34,35,36,37,38,40,41,42,43,44,45,46,48,49,50,51,52,53,54,55,56,57,60,61,74,89,90,103,110,144,178,189,262,276,305,307,312,313,364,415,449,456,471,472,473,474,475,476,477,628,635,764,765,766,770,834,844,854,871,872,873,874,1011,1072,1142,1157,1214,1456,
61;0;7294;7442;1;15,16,17,19,20,24,25,28,34,35,36,37,38,44,45,46,49,50,51,52,53,54,55,60,61,89,90,103,110,144,178,181,189,262,267,276,285,287,288,289,302,303,304,305,306,307,308,309,310,311,312,313,314,315,316,317,318,319,320,326,327,328,449,628,635,764,765,766,770,834,844,854,871,872,873,874,1011,1072,1142,1456,
61;1;7442;7447;1;15,16,17,19,20,24,25,28,34,35,36,37,38,44,45,46,49,50,51,52,53,54,55,60,61,89,90,103,110,144,178,181,189,262,267,276,285,287,288,289,302,303,304,305,306,307,308,309,310,311,312,313,314,315,316,317,318,319,320,326,327,328,449,628,635,764,765,766,770,834,844,854,871,872,873,874,1011,1072,1142,1456,
4;0;7447;7568;1;15,16,17,19,20,24,25,28,34,35,36,37,38,44,45,46,49,50,51,52,53,54,55,60,61,85,89,90,103,110,144,178,189,206,262,276,287,289,302,303,305,306,307,308,309,310,311,312,313,314,449,628,635,764,765,766,770,834,844,854,871,872,873,874,1011,1072,1142,1181,1182,1183,1184,1185,1186,1187,1188,1189,1190,1191,1192,1456,
4;1;7568;7572;1;15,16,17,19,20,24,25,28,34,35,36,37,38,44,45,46,49,50,51,52,53,54,55,60,61,85,89,90,103,110,144,178,189,206,262,276,287,289,302,303,305,306,307,308,309,310,311,312,313,314,449,628,635,764,765,766,770,834,844,854,871,872,873,874,1011,1072,1142,1181,1182,1183,1184,1185,1186,1187,1188,1189,1190,1191,1192,1456,
111;0;7572;7646;1;15,16,17,19,20,24,25,28,34,35,36,37,38,44,45,46,49,50,51,52,53,54,55,60,61,85,86,89,90,95,103,110,144,178,189,262,276,302,305,306,307,308,312,313,337,449,588,628,635,764,765,766,769,770,834,841,843,844,854,858,871,872,873,874,1070,1071,1072,1073,1074,1075,1076,1077,1078,1079,1080,1081,1082,1142,1181,1456,
6;0;7646;7810;1;15,16,17,19,20,24,25,28,34,35,36,37,38,44,45,46,49,50,51,52,53,54,55,60,61,72,85,86,89,90,95,103,110,144,178,189,262,276,302,305,306,307,308,312,313,337,449,588,628,635,658,659,660,661,764,765,766,769,770,834,841,843,844,854,858,871,872,873,874,1070,1071,1072,1073,1074,1075,1076,1077,1142,1181,1456,
6;1;7810;7825;1;15,16,17,19,20,24,25,28,34,35,36,37,38,44,45,46,49,50,51,52,53,54,55,60,61,72,85,86,89,90,95,103,110,144,178,189,262,276,302,305,306,307,308,312,313,337,449,588,628,635,658,659,660,661,764,765,766,769,770,834,841,843,844,854,858,871,872,873,874,1070,1071,1072,1073,1074,1075,1076,1077,1142,1181,1456,
46;0;7825;7930;1;15,16,17,19,20,24,25,28,34,35,36,37,38,44,45,46,49,50,51,52,53,54,55,60,61,72,85,86,87,88,89,90,95,103,110,144,178,189,262,276,302,305,306,307,308,312,313,337,449,588,628,635,763,764,765,766,767,768,769,770,833,834,835,844,854,858,862,863,871,872,873,874,947,949,1046,1072,1073,1142,1181,1456,
END
fineshedJobsCount: 103
switchs: 983
switchsInstances: 69
unfineshedPriorityCount: 57
