./input/MyInstancesDiferentToolSets/n=399,p=0.75,r=0.5,t=598,v0.csv;./input/Processed/ToolSetInt.csv
11;720;1440
Machine: 0
46;0;0;148;1;3,15,19,24,25,26,27,34,36,44,139,144,145,149,225,262,275,301,321,421,528,640,647,778,833,855,863,948,1060,1093,1134,1150,1179,1247,1261,1268,1269,1280,1287,1290,1293,1295,1322,1478,1502,1605,1606,1670,2224,2263,2409,3026,3060,3212,4112,4122,4123,4124,4125,4126,4535,4553,4746,5088,5432,5627,5771,5772,5951,5952,5963,5964,5984,6354,6355,6356,6357,6358,6359,6360,
382;0;148;271;1;3,15,19,24,25,26,27,34,36,44,139,144,145,149,225,262,275,301,321,421,528,640,647,778,833,855,863,948,1060,1093,1134,1150,1179,1247,1261,1268,1269,1280,1287,1290,1293,1295,1322,1478,1502,1605,1606,1670,2224,2263,2409,3026,3060,3212,4112,4122,4123,4124,4125,4126,4535,4553,4746,5088,5432,5627,5771,5772,5951,5952,5963,5964,5984,6354,6355,6356,6357,6358,6359,6360,
90;0;271;348;1;3,15,19,24,25,26,27,34,36,44,139,144,145,149,225,262,275,301,321,421,528,640,647,778,833,855,863,948,1060,1093,1134,1150,1179,1247,1261,1268,1269,1280,1287,1290,1293,1295,1322,1478,1502,1605,1606,1670,2224,2263,2409,3026,3060,3212,4112,4122,4123,4124,4125,4126,4535,4553,4746,5088,5432,5627,5771,5772,5951,5952,5963,5964,5984,6354,6355,6356,6357,6358,6359,6360,
12;0;348;485;1;3,15,19,24,25,26,27,34,36,44,139,144,145,149,225,262,275,301,321,421,528,640,647,778,833,855,863,948,1060,1093,1134,1150,1179,1247,1261,1268,1269,1280,1287,1290,1293,1295,1322,1478,1502,1605,1606,1670,2224,2263,2409,3026,3060,3212,4112,4122,4123,4124,4125,4126,4535,4553,4746,5088,5432,5627,5771,5772,5951,5952,5963,5964,5984,6354,6355,6356,6357,6358,6359,6360,
384;0;485;596;1;3,15,19,24,25,26,27,34,36,44,139,144,145,149,225,262,275,301,321,421,528,619,640,647,778,833,855,863,948,1060,1093,1134,1150,1179,1247,1261,1268,1269,1280,1287,1290,1293,1295,1322,1478,1502,1605,1670,1781,1782,1787,2224,2263,2409,3026,3060,3212,4112,4122,4123,4124,4125,4126,4127,4128,4129,4130,4131,4132,4535,4553,4746,5432,5627,5951,5952,5963,5964,5984,6360,
106;0;596;770;1;3,15,19,24,25,26,34,139,144,145,146,147,149,225,262,301,321,398,436,528,640,647,778,833,855,863,948,1068,1093,1117,1118,1134,1146,1149,1268,1269,1280,1287,1290,1293,1322,1390,1473,1478,1479,1481,1502,1670,1781,1782,1787,1814,1920,2224,2263,3212,4127,4405,4473,4535,4553,4934,4964,4965,4966,4967,4968,4969,4970,4971,4972,4973,4974,4975,4976,4977,4978,5964,5984,6360,
130;0;1440;1588;1;3,15,19,24,25,26,34,139,144,145,146,147,149,225,231,234,262,301,321,398,436,528,640,647,778,833,855,863,948,1068,1071,1093,1117,1118,1134,1146,1149,1268,1269,1280,1287,1290,1293,1322,1390,1473,1474,1478,1479,1481,1502,1670,1781,1782,1787,1814,1920,2224,2263,2649,3212,4127,4405,4470,4473,4535,4553,4934,4964,4965,4966,4967,4968,4972,4974,5964,5984,6196,6197,6360,
6;0;1588;1759;1;3,15,19,24,25,26,34,139,144,145,146,147,149,225,231,234,262,301,321,398,436,528,640,647,778,833,855,863,948,1071,1093,1117,1118,1134,1146,1149,1268,1269,1280,1287,1290,1293,1322,1390,1473,1474,1478,1481,1502,1670,1781,1782,1787,1814,1920,2224,2263,2649,3212,4127,4165,4470,4535,4553,4968,5964,5984,6360,8551,8559,9031,9041,9131,9137,9138,9139,9140,9141,9142,9143,
81;0;1759;1933;1;3,15,18,19,21,24,25,26,34,54,62,139,144,145,146,147,149,198,225,231,234,262,301,321,398,436,528,640,647,778,833,855,863,948,1071,1093,1117,1118,1134,1146,1149,1268,1269,1280,1287,1290,1293,1322,1390,1473,1474,1478,1481,1502,1670,1781,1782,1787,1814,1920,2224,2263,2649,3212,3778,4127,4165,4470,4535,4553,4968,5315,5964,5984,6360,8551,8559,9031,9041,9131,
65;0;1933;1984;1;2,3,24,54,137,139,144,145,149,198,225,231,234,262,301,321,398,400,436,528,640,647,676,830,833,854,855,863,904,917,933,948,1093,1116,1117,1118,1121,1125,1134,1146,1280,1287,1290,1293,1322,1362,1474,1478,1481,1484,1485,1486,1487,1488,1489,1490,1491,1492,1493,1494,1495,1496,1497,1498,1499,1500,1501,1502,1503,1504,1505,1506,1670,1781,1782,1787,1814,1920,2263,4553,
301;0;1984;2116;1;2,3,24,54,137,139,144,145,149,198,225,231,234,247,262,301,321,398,400,436,528,529,557,640,647,727,833,854,855,863,875,948,1093,1117,1118,1121,1134,1146,1280,1287,1288,1290,1293,1322,1474,1478,1481,1484,1486,1488,1489,1493,1502,1577,1670,1775,1776,1777,1778,1779,1780,1781,1782,1783,1784,1785,1786,1787,1788,1789,1790,1791,1792,1793,1794,1795,1814,1920,2263,4553,
113;0;2116;2204;1;2,3,24,54,60,137,139,144,145,149,198,225,231,234,247,262,301,321,398,400,436,528,529,557,581,640,647,727,833,854,855,863,875,948,1093,1117,1118,1121,1134,1146,1280,1287,1288,1290,1293,1322,1474,1478,1481,1484,1486,1488,1489,1493,1502,1577,1670,1775,1776,1777,1778,1779,1780,1781,1782,1783,1784,1785,1786,1787,1788,1789,1790,1791,1792,1814,1920,2259,2263,4553,
127;0;2880;3060;1;2,3,24,54,60,79,110,137,139,144,145,149,198,225,231,234,247,262,301,321,398,400,436,528,529,557,581,640,647,727,833,854,855,863,875,948,1031,1093,1117,1118,1121,1134,1146,1217,1225,1240,1280,1281,1287,1288,1290,1293,1322,1474,1478,1481,1484,1486,1488,1489,1493,1502,1507,1508,1509,1510,1511,1577,1670,1775,1777,1779,1781,1782,1783,1814,1920,2156,2263,4553,
70;0;3060;3153;1;3,24,54,60,79,137,139,144,145,225,231,234,288,321,391,398,399,400,436,640,647,649,720,833,854,855,1031,1117,1118,1134,1146,1233,1280,1287,1288,1293,1398,1474,1476,1478,1481,1484,1486,1489,1781,1783,1803,1808,1814,1920,2053,2109,2134,2263,2821,2822,2926,3278,4553,4677,4748,4832,4889,4927,4929,4939,5236,5237,5238,5239,5240,5241,5242,5243,5244,5245,5246,5247,5248,5249,
313;0;3153;3169;1;3,24,54,60,79,118,137,139,144,145,225,231,234,288,321,398,400,436,640,647,677,715,765,833,836,854,855,1031,1096,1117,1118,1134,1146,1201,1280,1287,1288,1293,1474,1476,1478,1481,1484,1486,1489,1781,1783,1814,1920,2053,2109,2134,2263,2498,2628,2643,2661,2683,2690,2903,4447,4677,5108,5109,5281,5392,5525,5530,5538,5633,5640,5723,6022,6225,6597,6784,7581,7968,7969,7970,
22;0;3169;3318;1;3,24,54,60,79,118,137,139,144,145,225,231,234,288,321,398,400,436,640,647,677,715,765,833,836,854,855,858,1031,1096,1117,1118,1134,1146,1201,1280,1287,1288,1293,1474,1476,1478,1481,1484,1486,1489,1781,1783,1814,1920,2053,2109,2134,2263,2498,2546,2628,2643,2661,2683,2690,2903,4447,4677,5108,5109,5254,5281,5392,5525,5530,5538,5633,5723,6022,6225,6513,6597,7581,7961,
73;0;3318;3332;1;3,24,54,60,79,137,139,144,145,225,231,234,288,321,377,395,396,398,400,404,436,640,647,677,715,765,833,836,854,855,858,911,1031,1117,1118,1134,1146,1148,1173,1280,1287,1288,1293,1474,1476,1478,1481,1484,1486,1489,1781,1783,1814,1920,2053,2103,2109,2134,2263,2498,2546,2628,2643,2661,2683,2690,2903,4677,5109,5254,5392,5525,5530,5538,5633,5706,5723,6022,6225,6597,
298;0;3332;3344;1;3,24,54,60,79,137,139,144,145,225,231,234,288,321,377,395,396,398,400,404,436,640,647,677,715,765,833,836,854,911,1031,1117,1118,1146,1148,1280,1287,1288,1293,1474,1476,1478,1481,1484,1486,1489,1781,1783,1814,1920,2053,2109,2134,2263,2498,2546,2628,2661,2690,2903,4677,5254,5392,5525,5530,5538,5706,5723,6022,6225,6597,9222,9223,9224,9225,9226,9227,9228,9229,9230,
7;0;3344;3434;1;3,24,54,60,79,137,139,144,145,225,231,234,288,295,321,329,377,395,398,400,404,436,607,640,647,677,715,765,833,854,911,949,1031,1117,1118,1146,1280,1287,1288,1293,1359,1474,1476,1478,1481,1486,1489,1781,1783,1814,1920,1973,2053,2091,2092,2109,2120,2134,2263,2337,2341,2628,2715,2903,3108,4419,4420,4677,4753,4816,4859,5525,5723,5725,6332,6333,6334,6335,6336,6337,
292;0;3434;3518;1;3,24,54,60,79,137,139,144,145,206,208,225,231,234,288,295,321,329,377,395,398,400,404,436,502,569,607,640,647,677,715,729,765,833,854,911,949,1031,1117,1118,1146,1280,1287,1288,1293,1359,1474,1476,1478,1481,1486,1489,1781,1783,1814,1895,1920,1973,1989,2053,2091,2109,2120,2134,2263,2337,2628,2715,2903,3870,4192,4677,4753,4816,4859,5525,5723,5725,6334,6766,
362;0;3518;3592;1;3,24,54,60,79,137,139,144,145,225,231,234,248,288,321,329,377,395,398,400,404,436,569,607,640,647,677,715,765,833,854,911,949,1031,1117,1118,1146,1272,1277,1280,1287,1288,1293,1474,1476,1478,1481,1486,1489,1582,1781,1783,1814,1920,1973,2053,2091,2109,2120,2134,2239,2263,2337,2628,2903,3703,3728,3870,4026,4450,4677,4753,4888,5462,5463,5464,5525,5723,5725,6334,
78;0;3592;3771;1;3,24,54,60,79,137,139,144,145,170,225,231,234,248,288,321,329,377,395,398,400,404,436,569,607,640,647,677,715,765,833,854,911,949,968,1031,1117,1118,1146,1277,1280,1287,1288,1293,1474,1476,1478,1481,1486,1489,1582,1781,1783,1814,1920,1973,2053,2091,2109,2120,2134,2168,2263,2337,2628,2903,3331,3728,3775,3870,4026,4450,4677,4753,5525,5723,5725,5804,5805,6334,
58;0;4320;4499;1;3,8,24,54,60,79,95,97,137,139,142,144,145,225,231,234,248,288,321,329,377,392,395,398,400,404,429,436,569,607,640,647,677,715,765,833,854,911,949,1117,1118,1146,1277,1280,1287,1288,1293,1474,1476,1478,1481,1486,1489,1582,1781,1783,1809,1814,1920,1973,2053,2091,2109,2120,2134,2244,2263,2337,2628,2903,3728,3870,4026,4450,4677,4753,5525,5723,5725,6334,
76;0;4499;4635;1;3,24,54,60,79,95,97,137,139,142,144,145,225,231,234,248,288,321,329,377,395,398,400,404,429,436,569,607,640,647,677,715,765,833,854,911,949,1117,1118,1146,1277,1280,1287,1288,1293,1474,1476,1478,1481,1486,1489,1558,1582,1587,1781,1783,1809,1814,1920,1973,2053,2091,2109,2120,2134,2244,2263,2337,2628,2903,3728,3870,4026,4450,4677,4753,5525,5723,5725,6334,
18;0;4635;4716;1;3,24,54,60,95,97,137,139,144,145,225,231,234,288,321,329,377,395,398,400,404,429,436,569,607,640,647,677,715,765,833,854,911,949,1117,1118,1146,1277,1280,1287,1288,1293,1474,1476,1478,1481,1486,1489,1558,1781,1783,1809,1814,1920,1973,2053,2091,2109,2120,2134,2337,2628,2903,3870,4450,4677,4753,5525,5723,5725,6334,8787,8788,8968,8969,8970,8971,8972,8973,8974,
34;0;4716;4831;1;3,24,54,60,95,97,100,137,139,144,145,225,231,234,288,289,321,329,377,395,398,400,404,429,436,569,607,640,647,677,715,765,833,854,911,949,1117,1118,1146,1277,1280,1287,1288,1293,1474,1476,1478,1481,1486,1489,1781,1783,1809,1814,1920,1973,2053,2091,2109,2120,2134,2461,2475,2626,2628,2903,3870,4450,4677,5525,5691,5722,5723,5725,5795,6114,6115,6116,6117,6334,
56;0;4831;4882;1;3,24,54,60,95,97,100,137,139,144,145,225,231,234,288,289,321,329,377,395,398,400,404,429,436,569,607,640,647,677,715,765,833,854,911,949,1117,1118,1146,1277,1280,1287,1288,1293,1474,1476,1478,1481,1486,1489,1781,1783,1809,1814,1920,1973,2053,2091,2109,2120,2134,2220,2461,2475,2626,2628,2903,3410,3797,3870,4438,4450,4677,5525,5691,5722,5723,5725,5795,6334,
331;0;4882;5034;1;3,24,38,54,95,100,137,139,144,145,189,225,231,234,288,289,321,329,377,395,398,400,404,429,436,607,640,647,677,715,765,833,854,871,872,873,874,911,949,1117,1118,1142,1146,1277,1280,1287,1288,1293,1456,1460,1461,1474,1476,1478,1481,1486,1489,1781,1809,1814,1920,1973,2053,2109,2120,2134,2475,2626,2628,2903,3797,3870,4450,4677,5525,5691,5722,5723,5725,6334,
29;0;5034;5193;1;3,24,54,95,100,137,139,144,145,225,231,245,273,288,289,290,291,297,321,329,377,395,398,400,404,429,436,607,640,647,677,715,765,769,833,854,891,911,949,1023,1024,1117,1118,1146,1287,1293,1474,1476,1478,1481,1486,1489,1781,1809,1816,1920,1922,2053,2109,2120,2134,2628,2903,3870,4450,4552,4677,5206,5351,5525,5691,5722,5723,5725,6184,6334,7215,7216,7218,7219,
107;0;5760;5827;1;3,24,54,95,100,137,139,144,145,225,231,288,291,316,321,329,377,395,398,400,404,429,436,607,640,677,715,765,833,838,854,891,911,949,1027,1117,1118,1146,1287,1293,1476,1478,1480,1481,1486,1489,1669,1781,1809,1811,1821,1920,2053,2109,2120,2128,2134,2628,2903,2951,3634,3870,4450,4503,4654,4677,4718,5439,5525,5691,5722,5723,5725,5767,6187,6188,6189,6190,6191,6334,
19;0;5827;5872;1;3,24,54,95,100,137,139,144,145,179,180,225,231,288,291,307,316,321,329,377,395,398,400,404,429,436,592,594,607,640,677,715,765,833,838,854,891,911,949,1027,1039,1117,1118,1146,1287,1293,1396,1476,1478,1480,1481,1486,1489,1669,1781,1809,1811,1821,1920,2053,2109,2120,2128,2134,2628,2903,2951,3634,3870,4450,4503,4654,4677,4718,5525,5691,5722,5723,5725,6334,
47;0;5872;6035;1;3,24,54,89,94,137,144,225,231,276,288,321,398,400,436,586,640,765,770,833,834,838,854,890,911,1117,1118,1146,1168,1287,1293,1476,1478,1486,1489,1519,1524,1528,1529,1781,1920,2053,2109,2120,2128,2134,2602,2693,2721,2742,3260,3511,3527,3581,3634,3638,3870,4450,4537,4574,4677,4732,4802,4937,4949,5339,5341,5342,5343,5344,5345,5346,5347,5451,5452,5453,5454,5455,5456,5725,
385;0;6035;6071;1;3,24,54,61,89,94,137,144,225,231,276,288,321,398,400,436,640,765,770,833,834,838,854,887,890,911,1117,1118,1146,1168,1287,1293,1476,1478,1486,1489,1519,1524,1528,1529,1781,1920,2053,2109,2120,2128,2134,2221,2264,2279,2602,2693,2721,2934,3005,3260,3511,3527,3581,3634,3638,3870,4450,4537,4677,4802,4937,5344,5345,5346,5347,5452,5454,5456,5725,6869,7971,8332,8523,9074,
105;0;6071;6231;1;3,24,54,61,63,89,137,144,159,225,231,276,288,321,398,400,436,640,765,833,834,838,854,881,890,911,1117,1118,1146,1168,1284,1286,1287,1293,1476,1478,1486,1519,1524,1528,1529,1781,1920,2019,2053,2109,2120,2128,2134,2179,2264,2417,2602,2693,2721,2847,2934,3260,3511,3527,3581,3598,3634,3638,3831,4450,4537,4677,4802,4937,5344,5345,5346,5347,5405,5442,5443,5452,5456,5725,
281;0;6231;6405;1;3,24,54,61,89,137,144,225,231,276,288,321,359,398,400,409,436,640,765,833,834,838,854,890,911,1117,1118,1146,1168,1284,1286,1287,1293,1476,1478,1486,1519,1524,1528,1529,1549,1651,1781,1920,2053,2109,2120,2128,2134,2179,2264,2602,2693,2721,2844,2846,2847,2848,2849,2850,2934,3260,3511,3527,3581,3634,3638,4677,4709,4710,4802,4937,5344,5345,5346,5347,5405,5452,5456,5725,
92;0;6405;6491;1;3,24,54,61,89,137,144,225,231,276,288,321,359,398,400,436,640,765,833,834,838,854,890,911,1117,1118,1146,1165,1168,1284,1286,1287,1293,1363,1476,1478,1486,1519,1524,1528,1529,1549,1781,1920,1944,2053,2109,2120,2128,2134,2179,2264,2386,2602,2693,2721,2847,2848,2934,3260,3511,3527,3581,3634,3638,4677,4802,4937,5344,5345,5346,5347,5405,5456,5725,7470,7471,7472,7473,7474,
129;0;7200;7225;1;3,89,136,137,144,225,226,231,276,288,321,398,400,436,640,765,838,854,890,911,1118,1126,1146,1470,1476,1478,1486,1528,1609,1661,1668,1679,1807,1920,2053,2109,2114,2118,2120,2123,2124,2125,2128,2129,2130,2132,2134,2135,2140,2142,2143,2602,2721,2854,2855,2953,3638,4511,4533,4534,4543,4546,4551,4553,4554,4555,4656,4676,4677,4678,4679,4680,4681,4682,4937,5344,5345,5346,5347,6665,
346;0;7225;7255;1;3,89,136,137,144,225,226,231,276,288,321,390,398,400,436,640,765,838,854,890,911,1048,1051,1054,1118,1126,1145,1146,1358,1470,1476,1478,1486,1528,1604,1609,1661,1668,1679,1807,1920,1945,1970,1971,2053,2109,2114,2118,2120,2123,2124,2125,2128,2129,2130,2132,2134,2135,2140,2142,2143,2602,2721,2854,2855,2953,3638,4511,4533,4534,4543,4546,4551,4553,4677,4937,5344,5345,5346,5347,
111;0;7255;7315;1;1,3,89,136,137,144,149,225,226,231,241,262,276,288,321,390,391,396,398,400,436,640,765,838,854,890,911,1048,1051,1054,1118,1145,1146,1204,1358,1397,1398,1401,1470,1476,1477,1478,1502,1528,1604,1661,1668,1679,1681,1682,1807,1920,1945,1970,1971,2053,2109,2128,2132,2134,2602,2721,2821,2953,3278,3638,4533,4553,4677,4832,4937,5246,5249,5275,5276,5277,5344,5345,5346,5347,
124;0;7315;7414;1;1,3,89,136,137,144,149,225,226,231,241,262,276,288,321,390,391,396,398,400,436,439,640,765,838,854,890,911,1048,1051,1054,1118,1145,1146,1204,1358,1397,1398,1401,1470,1476,1477,1478,1502,1528,1604,1661,1668,1679,1681,1682,1807,1920,1945,1970,1971,2053,2109,2128,2132,2134,2428,2602,2721,2821,2953,3278,3289,3290,3638,4533,4553,4677,4832,4937,5246,5344,5345,5346,5347,
44;0;7414;7462;1;1,3,89,136,137,144,149,225,226,231,241,262,276,288,321,390,391,396,398,400,436,439,640,765,838,854,890,911,1048,1051,1054,1118,1145,1146,1289,1358,1397,1398,1401,1470,1476,1478,1502,1528,1604,1661,1668,1679,1681,1807,1920,1945,1970,1971,2053,2109,2128,2132,2233,2407,2428,2602,2721,2821,2953,3278,3638,3700,3942,4431,4533,4553,4677,4937,5320,5344,5345,5346,5347,6957,
376;0;7462;7551;1;3,89,136,137,144,149,225,231,241,262,276,288,293,321,348,390,391,396,398,400,436,640,765,773,838,854,890,1048,1051,1054,1118,1145,1146,1358,1401,1476,1478,1481,1502,1528,1604,1661,1668,1920,1970,2053,2109,2128,2353,2498,2602,2721,3638,4937,5344,5345,5346,5347,6334,6595,7302,7304,7305,7306,7423,7800,7801,7802,7803,7804,7805,7806,7807,7808,7809,7810,7811,7812,7813,7814,
33;0;7551;7691;1;3,89,95,136,137,144,149,225,231,241,262,276,288,293,321,348,390,391,395,396,398,400,436,640,765,773,838,854,890,1048,1051,1054,1118,1145,1146,1177,1358,1360,1401,1476,1478,1481,1502,1528,1604,1661,1668,1751,1920,1970,2053,2109,2128,2353,2498,2602,2721,2914,2915,3638,4937,5344,5345,5346,5347,6334,6595,7302,7304,7305,7306,7423,7800,7801,7802,7803,7804,7805,7806,7807,
15;0;7691;7841;1;89,90,95,100,117,136,137,144,149,225,262,276,288,291,395,436,607,677,694,715,765,838,854,862,890,1054,1118,1445,1478,1481,1528,1604,1668,1915,1920,2052,2347,2467,2602,2628,2646,2661,2678,2721,2903,3638,4412,4937,5344,5345,5346,5347,5392,5525,5538,5637,5691,5722,5723,5775,6022,6026,6225,6226,6451,6454,6455,6595,7188,7298,8095,8303,8349,8530,8727,8728,8729,8730,8731,8732,
356;0;7841;7934;1;5,95,100,117,137,144,149,225,262,276,288,291,393,395,715,838,849,854,862,948,949,1118,1198,1199,1214,1354,1478,1481,1604,1674,1744,1745,1747,1756,1757,1759,1760,1766,1769,1915,1976,2052,2543,2545,2546,2547,2583,2586,2593,2594,2595,2597,2598,2599,2600,2601,2602,2604,2605,2608,2609,2627,2678,2903,2990,3161,3459,3460,3461,3462,3463,3464,3465,3466,3467,3468,5392,5525,5722,6022,
296;0;8640;8809;1;95,100,117,137,139,144,149,225,262,276,288,291,292,351,393,395,715,838,849,854,862,912,948,949,1118,1147,1167,1198,1199,1214,1354,1478,1481,1493,1513,1604,1670,1674,1744,1756,1759,1915,1976,2052,2371,2531,2543,2547,2583,2594,2597,2600,2627,2678,2903,2990,3001,3250,3257,3284,3459,3461,3711,3712,4019,4085,4086,4087,4088,4089,4090,4091,4092,4093,4094,4095,5392,5525,5722,6022,
321;0;8809;8952;1;95,100,117,137,139,144,149,225,262,276,288,291,292,329,351,377,395,715,838,849,854,862,891,912,948,949,1118,1147,1148,1167,1198,1199,1214,1354,1478,1481,1488,1513,1540,1604,1670,1674,1744,1756,1759,1915,1976,2052,2133,2371,2543,2544,2547,2583,2594,2597,2600,2627,2678,2696,2903,2990,3015,3250,3284,3459,3461,3711,3712,4088,4093,4094,4227,4428,5217,5218,5392,5525,5722,6022,
11;0;8952;8986;1;95,100,117,137,139,144,149,177,225,234,262,276,288,291,292,302,304,305,308,314,317,329,351,377,395,442,595,715,838,849,854,862,891,912,948,949,1118,1147,1198,1199,1214,1354,1430,1478,1481,1488,1513,1540,1604,1670,1674,1676,1756,1915,1932,1933,1976,2052,2133,2371,2547,2583,2594,2600,2627,2678,2903,2990,3250,3284,3459,3711,3712,4088,4093,4428,5392,5525,5722,6022,
32;0;8986;9073;1;53,95,100,117,137,139,144,149,177,225,234,262,276,288,291,292,302,304,305,308,314,317,329,351,377,395,528,581,595,715,838,849,854,862,891,912,948,949,1118,1147,1198,1214,1354,1430,1478,1481,1540,1604,1670,1674,1676,1756,1915,1976,2052,2133,2371,2547,2583,2600,2627,2678,2903,3250,3284,3459,3711,3712,3797,3798,3799,3800,3801,3802,4088,4093,5392,5525,5722,6022,
341;0;9073;9107;1;53,95,100,117,137,139,144,149,177,225,234,262,276,288,291,292,302,304,305,308,314,317,329,351,377,395,528,581,595,715,838,849,854,862,891,912,948,949,1118,1147,1198,1214,1354,1363,1430,1478,1481,1540,1604,1670,1674,1676,1756,1834,1915,1976,2052,2133,2371,2547,2583,2600,2627,2678,2903,3250,3284,3459,3711,3712,3797,3798,3799,3802,4088,4093,5392,5525,5722,6022,
53;0;9107;9184;1;95,100,117,137,139,144,149,152,177,225,234,262,276,288,291,292,302,304,305,308,317,329,351,377,395,426,528,567,595,715,838,854,862,912,948,949,1118,1147,1214,1280,1293,1363,1430,1478,1481,1540,1572,1604,1670,1674,1676,1756,1915,1940,1976,2052,2133,2179,2230,2371,2547,2583,2627,2678,2826,2903,3250,3284,3409,3459,3606,3712,4088,4672,5392,5525,5722,5876,6022,6152,
101;0;9184;9215;1;95,100,117,137,139,144,149,177,225,234,262,276,288,291,292,302,304,305,308,317,329,351,377,395,528,567,595,666,715,838,854,862,912,948,949,1118,1147,1214,1293,1363,1430,1478,1481,1482,1483,1540,1604,1670,1674,1676,1756,1915,1940,1976,2052,2133,2179,2371,2468,2475,2547,2583,2627,2678,2903,3250,3284,3459,3712,4088,4365,5392,5525,5637,5722,5868,6022,6311,6312,6313,
131;0;9215;9264;1;95,100,137,139,144,149,177,225,262,288,291,292,302,305,308,317,329,351,395,528,595,617,618,666,715,827,833,836,854,912,947,1118,1136,1293,1363,1430,1481,1599,1670,1676,2133,2318,2346,2347,2583,2625,2626,2635,2653,2661,2678,2690,3147,3284,3712,4449,5336,5350,5525,5530,5531,5538,5637,5722,5868,6022,6023,6026,6309,6310,6564,6594,6595,6596,6597,6598,6599,6600,6601,6602,
129;1;9264;9363;1;95,100,137,139,144,149,177,225,262,270,288,289,291,292,302,305,308,317,329,351,395,528,595,617,618,666,715,827,833,836,854,912,924,947,1118,1136,1234,1293,1363,1424,1430,1475,1481,1599,1670,1676,2133,2318,2346,2347,2583,2625,2626,2635,2653,2661,2678,2690,3147,3284,3712,4259,4449,5336,5350,5525,5530,5531,5538,5637,5722,5868,6022,6023,6026,6309,6310,6564,6594,6597,
91;0;10080;10101;1;26,61,95,100,137,139,144,149,177,225,262,288,289,291,292,302,305,308,317,329,351,395,528,529,595,617,618,666,715,827,833,836,854,912,947,1118,1136,1269,1273,1277,1282,1287,1288,1292,1293,1294,1322,1363,1424,1430,1475,1481,1599,1670,1676,2133,2318,2346,2347,2583,2625,2626,2635,2661,2678,2690,3284,3712,5525,5530,5531,5538,5637,5722,5868,6022,6023,6426,6564,6597,
88;0;10101;10199;1;26,61,93,95,100,137,139,144,149,177,225,262,288,289,291,292,302,305,308,317,329,351,395,528,529,595,617,618,666,715,827,833,836,854,912,947,1054,1118,1121,1136,1269,1273,1277,1282,1287,1288,1292,1293,1294,1322,1363,1424,1430,1475,1481,1670,1676,1814,2133,2318,2346,2347,2583,2625,2626,2635,2661,2690,3284,3712,5525,5530,5531,5538,5722,5868,6022,6023,6426,6564,
378;0;10199;10338;1;26,61,95,100,137,139,144,149,177,225,262,268,273,286,288,289,291,292,302,305,308,310,317,329,351,380,395,528,529,595,617,618,715,827,833,836,854,892,894,912,947,1054,1118,1131,1269,1273,1277,1282,1287,1288,1293,1294,1322,1363,1430,1475,1481,1670,1676,1814,1844,2133,2318,2346,2347,2583,2625,2626,2635,2661,2690,3284,3712,5525,5531,5722,5868,6022,6426,6564,
120;0;10338;10467;1;26,61,95,100,136,137,144,146,149,225,262,273,288,290,291,297,305,310,317,329,351,395,436,595,644,647,715,854,892,912,914,927,1118,1149,1211,1273,1277,1288,1293,1363,1481,1484,1618,1668,1670,1671,1676,1814,1825,1920,1922,1973,2133,2625,2626,2635,2651,3284,3712,4018,4572,4654,4968,5015,5135,5139,5250,5251,5252,5253,5254,5255,5256,5257,5258,5259,5260,5261,5525,6022,
391;0;10467;10644;1;26,61,95,100,136,137,144,146,149,225,262,273,288,290,291,297,305,310,317,329,351,395,436,595,644,647,715,854,892,912,914,927,1118,1149,1211,1273,1277,1288,1293,1363,1481,1484,1618,1668,1670,1671,1676,1814,1920,1922,1973,2133,2625,2626,2635,2651,3284,3712,4018,4572,4654,4968,5015,5135,5139,5250,5251,5252,5253,5254,5255,5256,5257,5258,5259,5260,5525,6022,8502,8503,
82;0;10644;10699;1;26,61,95,100,136,137,144,146,149,225,262,273,288,290,291,297,305,310,317,329,351,368,395,436,595,644,647,715,854,892,912,914,927,1118,1149,1211,1266,1273,1277,1288,1293,1363,1481,1484,1618,1668,1670,1671,1676,1814,1920,1922,1973,2133,2625,2626,2635,2651,3284,3307,3712,4018,4514,4572,4654,5135,5139,5250,5251,5252,5253,5254,5255,5256,5257,5259,5525,6022,7890,7891,
38;0;10699;10774;1;26,61,95,100,136,137,144,146,149,225,262,273,288,290,291,297,305,310,317,329,351,395,436,595,644,647,715,765,854,892,912,914,927,1118,1149,1211,1266,1273,1277,1288,1293,1363,1481,1484,1529,1569,1618,1668,1670,1671,1676,1814,1920,1922,1973,2133,2625,2626,2635,2651,2972,3284,3527,3712,3742,3743,3744,3745,4514,4572,5135,5139,5250,5251,5252,5253,5254,5259,5525,6022,
79;0;10774;10826;1;26,61,95,100,137,144,149,225,262,273,288,290,291,297,305,310,317,329,351,395,595,644,647,715,765,854,892,912,1118,1266,1273,1277,1288,1293,1363,1481,1484,1529,1569,1668,1670,1671,1676,1814,1920,1973,2133,2626,3178,3207,3209,3210,3214,3284,3527,3712,4514,5135,5139,5525,6013,6022,8265,8339,8340,8397,8763,8764,8765,8766,8767,8768,8769,8770,8771,8772,8773,8774,8775,8776,
272;0;11520;11564;1;26,61,95,100,137,144,149,225,262,269,273,288,290,291,297,305,310,317,329,351,395,595,644,647,682,715,765,854,892,912,1118,1266,1273,1277,1288,1293,1363,1473,1481,1484,1529,1538,1569,1668,1670,1671,1676,1814,1822,1920,1973,2054,2133,2626,3178,3207,3209,3210,3214,3284,3527,3712,4514,4535,4719,4792,4954,4955,4956,4957,4958,4959,4960,4961,5135,5139,5525,6022,8265,8763,
23;0;11564;11616;1;26,61,95,100,137,144,145,149,225,262,269,273,288,290,291,297,305,310,317,329,351,395,401,404,429,595,644,647,682,715,765,854,892,912,1118,1266,1273,1277,1288,1293,1363,1401,1473,1474,1481,1484,1529,1538,1569,1668,1670,1671,1676,1814,1822,1920,1973,2054,2133,2626,3178,3207,3209,3210,3214,3284,3527,3712,4514,4535,4719,4956,4959,4960,5135,5139,5525,6022,8265,8763,
65;1;11616;11661;1;26,61,95,100,137,144,145,149,225,262,269,273,288,290,291,297,305,310,317,329,351,395,401,404,429,569,595,644,647,682,715,765,854,892,912,1118,1262,1266,1273,1277,1288,1293,1401,1473,1474,1481,1484,1529,1569,1668,1670,1671,1676,1814,1920,1973,2133,2626,2829,3178,3207,3209,3210,3214,3284,3527,3712,4489,4514,4535,4956,4959,4960,5135,5139,5262,5525,6022,8265,8763,
21;0;11661;11770;1;26,61,95,100,137,144,145,149,210,225,262,273,288,290,291,297,305,310,317,329,351,395,401,404,429,569,595,644,647,715,765,854,892,912,1118,1266,1273,1277,1288,1293,1473,1474,1481,1484,1529,1569,1668,1670,1671,1676,1814,1920,1973,2133,2626,2934,2941,2968,3178,3207,3209,3210,3214,3284,3527,3578,3615,3712,3809,3814,4261,4262,4263,4264,4265,4266,4489,4514,5525,6022,
316;0;11770;11887;1;26,61,95,100,137,144,145,149,210,225,262,273,288,290,291,297,305,310,317,329,351,395,401,404,429,569,595,644,647,715,765,854,892,912,1117,1118,1146,1266,1273,1277,1288,1293,1473,1474,1481,1484,1529,1569,1668,1670,1671,1676,1814,1920,1973,2133,2626,2934,2941,2968,3178,3207,3209,3210,3214,3284,3527,3578,3615,3712,3809,3814,3920,4263,4489,4514,5525,5706,6022,7338,
70;1;11887;11912;1;26,61,95,100,137,144,145,149,210,225,262,273,288,290,291,297,305,310,317,329,351,395,401,404,429,569,595,644,647,715,765,854,892,912,1117,1118,1146,1266,1273,1277,1288,1293,1473,1474,1481,1484,1529,1569,1668,1670,1671,1676,1814,1920,1973,2133,2626,2934,2941,2968,3178,3207,3209,3210,3214,3284,3527,3578,3615,3712,3739,3809,3814,3920,4263,4489,4514,5525,5706,6022,
111;1;11912;12087;1;26,61,95,100,137,144,145,149,210,225,262,273,288,290,291,297,305,310,317,329,351,395,401,404,429,569,595,644,647,715,765,853,854,892,912,952,1117,1118,1146,1266,1273,1277,1288,1293,1473,1474,1481,1484,1529,1569,1668,1670,1671,1676,1814,1920,1973,2133,2626,2941,2968,3178,3207,3209,3210,3214,3284,3527,3615,3633,3712,4263,4472,4489,4514,5525,5706,5731,5733,6022,
96;0;12087;12119;1;3,26,61,95,100,137,144,145,149,210,225,231,262,273,288,290,291,297,305,310,317,329,351,395,401,404,429,569,595,644,647,693,715,765,854,892,912,1117,1118,1146,1266,1273,1277,1288,1293,1473,1474,1476,1481,1484,1529,1569,1668,1670,1671,1676,1814,1920,1973,2133,2626,2941,2968,3037,3178,3207,3209,3210,3214,3284,3527,3615,3712,4033,4472,4489,4514,5379,5525,6022,
5;0;12119;12168;1;61,95,100,137,144,145,149,225,231,262,273,288,290,291,297,305,310,317,329,351,395,404,429,569,595,644,647,715,854,892,912,1117,1118,1146,1266,1274,1293,1473,1474,1476,1481,1484,1529,1569,1668,1670,1671,1676,1814,1920,1973,2090,2133,2626,2941,3126,3178,3207,3209,3210,3214,3284,3527,3587,3588,3589,3590,3591,3592,3593,3594,3595,3596,3597,4033,4472,4489,4514,5525,6022,
34;1;12168;12320;1;95,97,100,137,144,225,245,262,272,273,288,290,291,297,303,305,306,310,312,313,317,351,382,395,434,595,644,715,854,892,905,912,939,1118,1146,1165,1170,1209,1293,1481,1484,1529,1668,1670,1671,1676,1919,1970,1973,2133,2356,2357,2358,2360,2361,2362,2363,2364,2367,2370,2375,2377,2378,2387,2390,2391,2392,2393,2394,2626,2941,3126,3178,3207,3209,3210,3214,4514,5525,6022,
343;0;12960;13090;1;95,97,100,137,144,225,245,262,272,273,288,290,291,292,297,303,305,306,310,312,313,351,382,395,434,644,677,715,854,892,905,912,939,1118,1146,1165,1293,1481,1484,1529,1568,1668,1670,1671,1676,1913,1919,1973,2091,2106,2362,2364,2370,2391,2394,2461,2590,2626,2679,2688,2941,2984,3126,3178,3207,3209,3210,3214,4385,4413,4514,5266,5525,5868,5869,6022,7582,8002,8003,8004,
290;0;13090;13262;1;95,97,100,137,144,177,178,179,181,183,184,225,234,245,262,272,273,288,290,291,292,297,303,304,305,306,310,312,313,351,382,395,434,644,677,715,854,892,905,912,939,1118,1146,1165,1293,1481,1484,1529,1568,1595,1668,1670,1671,1676,1919,1973,2091,2106,2362,2364,2370,2391,2394,2461,2626,2679,2941,3126,3178,3207,3209,3210,3214,4385,4514,5525,5868,5869,6022,7582,
283;0;13262;13413;1;24,95,97,100,137,144,177,178,179,181,183,225,234,245,249,262,272,273,288,290,291,292,297,303,304,305,306,310,312,313,351,382,395,434,644,655,662,677,715,854,892,905,912,939,1118,1146,1165,1293,1481,1484,1529,1668,1670,1671,1676,1973,2091,2106,2362,2364,2370,2391,2394,2512,2626,2679,2941,3126,3178,3207,3209,3210,3214,3577,4514,5525,5868,5869,6022,7582,
26;0;13413;13591;1;24,95,97,100,137,144,177,178,179,183,225,228,233,234,245,262,266,273,284,288,290,291,297,303,304,305,310,312,313,351,382,395,430,434,644,677,715,827,854,905,912,939,1093,1118,1146,1165,1293,1407,1481,1484,1529,1668,1670,1671,1973,2091,2362,2370,2391,2394,2512,2626,2679,2941,3126,3178,3207,3209,3210,3214,3574,3577,4514,5212,5213,5525,5868,5869,6022,7582,
19;1;13591;13625;1;24,95,97,100,137,144,177,178,179,183,225,228,233,234,245,262,273,286,288,290,291,297,303,304,305,310,312,313,351,382,395,430,434,591,644,677,715,827,854,905,912,939,1071,1093,1118,1146,1165,1293,1481,1484,1529,1668,1670,1671,1973,2051,2052,2091,2362,2370,2391,2394,2512,2626,2679,2941,3126,3178,3207,3209,3210,3214,3574,3577,4514,5525,5868,5869,6022,7582,
306;0;13625;13629;1;24,95,97,100,104,137,144,225,234,245,262,276,288,291,297,303,305,312,382,395,430,438,591,644,677,715,834,854,931,947,949,1093,1118,1146,1151,1168,1293,1481,1484,1519,1528,1529,1668,1670,1671,1674,1973,2052,2091,2362,2391,2394,2491,2626,2667,2737,2941,3126,3178,3207,3209,3210,3214,3531,3577,3638,4400,4514,5456,5656,5774,5841,6022,6441,7320,7463,8022,8095,8303,8578,
86;0;13629;13738;1;24,95,97,100,104,137,138,139,144,225,234,245,262,288,291,297,303,305,312,382,395,400,430,438,591,640,644,677,715,766,834,836,854,863,948,949,1093,1118,1146,1147,1172,1293,1453,1469,1481,1484,1502,1528,1529,1661,1664,1667,1668,1670,1671,1673,1674,1944,1972,1973,1974,1975,1976,1977,1978,2052,2091,2362,2391,2394,2626,2941,3126,3178,3207,3209,3210,3214,3577,4514,
349;0;14400;14436;1;24,60,95,97,100,104,137,138,139,144,225,234,245,262,288,291,297,303,305,312,382,395,400,430,438,591,640,644,677,715,727,766,834,836,854,863,875,948,949,1093,1118,1146,1147,1293,1453,1481,1484,1528,1529,1661,1664,1667,1668,1670,1671,1673,1674,1944,1973,1978,2052,2075,2091,2362,2391,2394,2626,2941,3126,3178,3207,3209,3210,3214,3380,3577,4059,4060,4061,4514,
64;0;14436;14498;1;24,60,97,100,104,137,138,139,144,225,234,245,262,288,291,303,305,312,382,395,430,438,591,644,715,766,831,833,834,835,854,855,863,875,948,949,1093,1118,1146,1293,1453,1481,1484,1529,1661,1667,1668,1671,1973,1978,2052,2091,2362,2391,2394,2626,2633,2661,2711,2941,3126,3178,3207,3209,3210,3214,3459,3511,3512,3516,3517,3518,3519,3520,3521,3523,3524,3525,3577,4514,
3;0;14498;14520;1;24,60,97,100,104,137,138,139,144,225,234,245,262,288,291,303,305,312,382,395,430,438,530,591,644,715,766,831,833,834,835,854,855,863,875,948,949,1093,1118,1146,1293,1453,1481,1484,1529,1661,1667,1668,1671,1973,1978,2052,2091,2362,2391,2394,2626,2633,2661,2711,2941,3126,3178,3207,3209,3210,3214,3459,3511,3512,3516,3517,3518,3519,3520,3521,3523,3524,3577,4514,
103;0;14520;14669;1;24,97,137,138,139,144,225,234,262,288,291,395,430,644,715,831,854,855,948,949,1118,1146,1481,1484,1671,1978,2091,2941,3126,3177,3178,3179,3180,3181,3182,3183,3184,3185,3186,3187,3188,3189,3190,3191,3192,3193,3194,3195,3196,3197,3198,3199,3200,3201,3202,3203,3204,3205,3206,3207,3208,3209,3210,3211,3212,3213,3214,3215,3216,3217,3218,3219,3220,3221,3222,3223,3224,3225,3511,4514,
275;0;14669;14729;1;24,38,97,137,138,139,144,225,234,262,288,291,395,430,644,659,715,831,854,855,948,949,1118,1146,1481,1484,1671,1723,1978,2091,2941,3126,3177,3178,3179,3180,3181,3182,3183,3184,3185,3186,3187,3188,3189,3190,3191,3192,3193,3194,3195,3196,3197,3198,3199,3200,3201,3203,3204,3205,3206,3207,3208,3209,3210,3211,3212,3213,3214,3216,3218,3219,3220,3221,3224,3345,3511,4313,4317,4514,
380;0;14729;14774;1;24,38,97,137,138,139,144,202,225,234,262,288,291,395,427,430,644,659,715,831,854,855,948,949,987,1118,1146,1423,1481,1484,1671,1723,1978,2091,2941,3126,3177,3178,3179,3180,3181,3182,3185,3186,3187,3188,3189,3191,3196,3197,3198,3199,3200,3201,3203,3204,3205,3206,3207,3208,3209,3210,3211,3212,3213,3214,3216,3218,3219,3220,3221,3224,3345,3511,4280,4313,4317,4514,5645,8118,
81;1;14774;14918;1;24,38,97,137,138,139,144,202,225,234,262,288,291,395,427,430,632,644,715,831,854,855,948,949,987,1118,1146,1423,1481,1484,1549,1671,1723,1936,1978,2018,2091,2198,2199,2847,2848,2941,3126,3177,3178,3179,3180,3181,3185,3186,3187,3188,3189,3191,3196,3197,3198,3199,3200,3201,3203,3204,3205,3206,3207,3208,3209,3210,3211,3212,3345,3511,3978,3980,4280,4313,4317,4514,5645,8118,
100;0;14918;15081;1;24,38,74,97,137,138,139,144,202,225,234,262,288,291,395,427,430,512,518,551,607,612,615,616,617,632,644,715,739,814,831,854,855,948,949,987,1118,1146,1346,1390,1423,1481,1484,1530,1558,1559,1671,1723,1849,1936,1940,1978,2091,2094,2179,2941,3014,3126,3177,3178,3179,3180,3181,3185,3186,3187,3188,3189,3209,3210,3345,3511,4280,4313,4317,4465,4514,5645,6786,8118,
365;0;15081;15085;1;24,38,74,97,137,138,139,144,182,202,225,234,262,288,291,301,321,390,395,427,429,430,551,607,612,617,632,644,715,769,814,831,854,855,948,949,987,1118,1134,1146,1163,1346,1390,1423,1473,1481,1484,1558,1671,1723,1808,1809,1849,1936,1940,1978,2091,2094,2128,2179,2223,2371,2588,3126,3177,3178,3179,3180,3209,3210,3345,3511,4280,4313,4317,4465,4503,4981,5645,8118,
16;0;15085;15089;1;24,38,74,97,137,138,139,144,182,202,225,234,262,288,291,301,321,390,395,429,430,551,607,612,617,632,644,715,769,831,854,855,948,949,987,1118,1134,1146,1163,1214,1346,1390,1423,1473,1481,1484,1558,1671,1723,1808,1809,1849,1936,1940,1978,2091,2094,2128,2223,2371,2628,2705,2709,3126,3209,3210,3345,3511,4280,4313,4317,4465,5645,7296,7308,7316,8118,8305,8801,8805,
56;1;15089;15153;1;2,24,38,74,97,137,138,139,144,182,202,225,234,262,288,291,301,321,390,395,429,430,551,607,612,617,632,644,715,769,831,854,855,948,949,987,1118,1134,1146,1163,1214,1346,1390,1423,1473,1481,1484,1558,1671,1723,1808,1809,1849,1936,1940,1978,2091,2094,2128,2223,2224,2371,2628,2709,3126,3209,3210,3345,3511,4280,4313,4317,4465,5182,5206,5645,7296,7308,8118,8801,
Machine: 1
326;0;0;4;1;24,38,74,97,137,138,139,144,202,225,234,262,288,289,291,301,321,390,395,429,430,551,607,612,632,644,645,715,769,831,854,855,948,949,1118,1134,1146,1163,1214,1346,1390,1423,1474,1481,1484,1558,1671,1675,1723,1756,1808,1809,1814,1849,1915,1916,1920,1936,1978,2091,2094,2128,2223,2317,2337,2339,2628,2709,3345,3511,3527,4161,4313,4317,4753,6386,6399,7683,7743,7744,
24;0;4;124;1;24,38,74,97,137,138,139,144,202,225,234,262,288,289,291,301,321,390,395,429,430,551,607,612,632,644,645,715,769,831,854,855,948,949,1118,1134,1146,1163,1214,1346,1390,1423,1474,1481,1484,1558,1671,1675,1723,1756,1808,1809,1814,1849,1915,1916,1920,1936,1978,2091,2094,2128,2223,2317,2337,2339,2628,2709,3345,3511,3527,3811,4161,4313,4317,4753,6386,6399,7683,7743,
18;1;124;262;1;20,24,38,39,74,97,137,139,144,202,205,225,234,262,288,289,321,390,395,429,430,483,502,503,506,559,644,645,715,769,831,854,855,948,949,989,1063,1089,1118,1134,1146,1157,1163,1196,1214,1282,1283,1284,1423,1474,1481,1558,1580,1671,1808,1809,1814,1849,1936,1978,1984,2091,2094,2128,2223,2337,2540,2555,2709,2887,2957,2959,3343,3349,3511,3527,4184,4867,4884,7416,
269;0;262;359;1;20,24,38,39,74,97,137,139,144,145,202,205,225,234,262,274,288,289,321,379,390,395,396,429,430,483,502,503,506,644,645,715,769,831,854,855,898,946,948,949,989,1063,1089,1118,1134,1146,1163,1196,1214,1282,1283,1284,1423,1474,1481,1558,1569,1580,1671,1764,1808,1809,1814,1849,1936,1978,2091,2094,2128,2223,2337,2468,2540,2709,2957,3291,3349,3511,3527,5331,
311;0;359;379;1;24,38,74,97,137,139,144,145,149,202,205,225,231,234,262,274,288,289,321,379,390,395,396,404,429,430,432,502,506,644,645,715,769,854,855,898,948,949,989,1063,1089,1118,1134,1146,1163,1196,1214,1236,1282,1283,1423,1474,1475,1478,1480,1481,1521,1558,1580,1671,1808,1809,1814,1849,1936,1978,2091,2094,2128,2223,2337,2508,2709,3511,3527,5143,5619,5699,6177,6178,
49;0;379;457;1;24,38,74,97,137,139,144,145,149,202,205,225,231,234,262,274,288,289,321,379,390,395,396,404,429,430,432,502,506,644,645,715,769,854,855,898,948,949,989,1063,1089,1118,1134,1146,1163,1196,1214,1236,1282,1283,1423,1474,1475,1478,1480,1481,1521,1558,1580,1671,1808,1809,1814,1849,1936,1978,2091,2094,2128,2223,2337,2508,2709,3511,3527,3580,3581,3582,5143,5619,
52;0;457;462;1;24,38,74,97,137,139,144,145,149,202,205,225,231,234,262,274,288,289,321,379,390,395,396,404,429,430,432,502,506,644,645,715,769,854,855,898,948,949,989,1063,1089,1118,1134,1146,1163,1196,1214,1236,1282,1283,1423,1474,1475,1478,1480,1481,1521,1558,1580,1671,1808,1809,1814,1849,1936,1978,2091,2094,2128,2223,2337,2508,2709,3310,3311,3312,3511,3527,3580,5143,
28;0;462;510;1;24,38,74,97,135,137,139,144,145,149,202,205,225,231,234,262,274,288,289,321,379,390,395,396,404,429,430,432,502,506,644,645,715,769,854,855,898,948,949,989,1063,1089,1118,1134,1146,1163,1196,1214,1236,1282,1283,1423,1474,1475,1478,1480,1481,1521,1558,1580,1671,1808,1809,1814,1816,1849,1936,2091,2094,2128,2223,2337,2508,2709,3310,3311,3312,3527,4033,5143,
368;0;510;689;1;24,38,74,97,135,137,139,144,145,149,202,205,225,231,234,262,274,288,289,321,379,390,395,396,404,429,430,432,502,506,644,645,715,769,854,855,898,948,949,989,1063,1089,1118,1134,1146,1163,1196,1214,1236,1282,1283,1423,1474,1478,1480,1481,1521,1558,1580,1671,1808,1809,1814,1816,1849,1936,2091,2094,2128,2223,2337,2508,2709,3310,3311,3312,3527,4033,5143,8159,
83;0;689;707;1;24,38,74,97,135,137,139,144,145,149,202,205,225,231,234,262,274,288,289,321,379,390,395,396,404,429,430,432,502,506,644,645,715,769,854,855,898,948,949,989,1063,1089,1118,1134,1146,1163,1196,1214,1236,1282,1283,1423,1474,1478,1480,1481,1521,1558,1580,1671,1808,1809,1814,1816,1849,1936,2091,2094,2128,2223,2337,2508,2709,3310,3311,3312,3527,3539,4033,5143,
102;0;707;769;1;24,38,74,97,117,137,139,144,145,149,202,205,225,231,234,262,274,288,289,321,329,379,390,395,396,404,429,430,502,506,644,645,715,769,838,854,855,898,948,949,989,1063,1089,1118,1134,1146,1163,1196,1214,1236,1282,1283,1423,1474,1478,1480,1481,1521,1558,1580,1669,1671,1808,1809,1849,1936,2091,2094,2128,2223,2337,2508,2709,3311,3527,4033,4630,4645,5143,5725,
43;0;1440;1517;1;24,38,74,137,139,144,145,149,180,202,205,225,231,262,274,288,289,302,303,305,307,311,312,321,329,379,380,381,384,385,390,395,396,404,429,430,502,506,592,593,594,644,645,715,769,854,898,948,949,989,1089,1118,1130,1134,1146,1163,1196,1214,1283,1423,1428,1474,1478,1481,1558,1580,1669,1671,1808,1809,1845,1849,1936,2091,2094,2128,2223,2508,2709,5143,
307;0;1517;1678;1;24,38,60,74,79,137,139,144,145,149,190,202,205,208,225,231,256,262,274,288,289,321,379,390,395,396,404,429,430,502,569,644,645,715,769,854,898,948,949,979,989,1118,1134,1146,1163,1214,1283,1293,1423,1474,1478,1481,1558,1580,1587,1669,1671,1808,1809,1849,2091,2094,2128,2223,2289,2305,2508,2709,3361,3577,3871,3872,3873,3874,3875,3876,3877,3878,3879,5143,
75;0;1678;1782;1;24,38,60,74,79,137,139,144,145,149,190,202,205,208,225,231,256,262,274,288,289,321,379,390,395,396,404,429,430,502,569,644,645,715,769,854,898,948,949,979,989,1118,1134,1146,1163,1214,1283,1293,1423,1474,1478,1481,1558,1580,1587,1669,1671,1808,1809,1849,2091,2094,2128,2223,2289,2305,2508,2676,2709,2774,2775,3361,3577,3871,3872,3873,3874,4740,5143,6748,
40;0;1782;1856;1;24,38,55,60,61,79,137,139,144,145,149,188,202,205,206,208,225,231,262,274,288,289,321,379,390,395,396,404,429,430,490,491,502,516,547,644,645,715,736,769,796,854,898,948,949,965,979,989,1118,1134,1146,1163,1214,1283,1293,1423,1474,1478,1481,1558,1580,1587,1669,1671,1808,1809,1849,2091,2094,2128,2223,2305,2508,2709,2774,2775,3993,4740,5143,5857,
117;0;1856;1940;1;24,38,55,60,61,79,137,139,144,145,149,188,202,205,206,208,225,231,262,274,288,289,321,379,390,395,396,404,429,430,490,491,502,516,547,644,645,715,736,769,796,854,898,948,949,965,979,989,1118,1134,1146,1163,1214,1283,1293,1423,1474,1478,1481,1558,1580,1587,1669,1671,1808,1809,1849,2091,2094,2128,2223,2305,2508,2709,2774,2775,3993,4740,5143,5434,
279;0;1940;2005;1;4,24,38,60,61,79,137,139,141,144,145,147,149,202,205,206,208,225,231,262,274,288,289,321,379,390,395,396,404,429,430,491,502,644,645,715,769,854,898,948,949,979,989,1048,1051,1054,1118,1134,1145,1146,1163,1214,1293,1358,1423,1474,1478,1481,1580,1587,1604,1667,1669,1671,1726,1808,1809,1849,1941,1946,1947,2091,2094,2128,2223,2508,2709,2774,2775,5143,
352;0;2005;2136;1;4,24,38,60,61,79,137,139,144,145,149,202,205,206,208,225,231,262,274,277,288,289,321,322,379,390,395,396,404,429,430,491,502,644,645,715,769,854,898,948,949,979,989,1048,1051,1054,1118,1134,1145,1146,1163,1214,1293,1423,1474,1478,1481,1580,1587,1604,1667,1669,1671,1808,1809,1849,1941,2091,2094,2128,2223,2394,2508,2709,2774,2775,3284,3292,4472,5143,
59;0;2136;2147;1;24,38,60,61,79,137,139,144,145,149,192,202,205,206,208,225,231,262,274,277,288,289,321,322,379,390,395,396,404,429,430,491,495,502,644,645,715,769,854,898,948,949,979,989,1054,1118,1134,1146,1163,1214,1293,1423,1474,1478,1481,1580,1587,1604,1667,1669,1671,1808,1809,1849,2091,2094,2128,2216,2223,2485,2508,2709,2774,2775,4357,4472,4489,5110,5143,6766,
100;1;2147;2177;1;24,38,61,79,100,137,144,145,149,202,208,225,231,262,277,288,289,321,377,379,382,390,395,396,404,429,502,644,645,647,769,852,854,898,938,949,989,1117,1118,1134,1163,1171,1214,1293,1423,1447,1474,1478,1580,1587,1661,1667,1668,1669,1736,1768,1808,1809,1973,2091,2128,2222,2223,2362,2391,2485,2508,2636,2638,2675,2709,3099,3793,4472,5138,5808,6263,7840,8125,8127,
69;0;2880;3051;1;24,38,61,79,100,137,143,144,145,149,202,208,225,231,245,262,277,288,289,321,377,379,382,390,395,396,404,429,502,591,644,645,647,769,852,854,898,949,989,1057,1117,1118,1134,1163,1171,1214,1293,1423,1447,1474,1476,1478,1580,1587,1661,1667,1668,1669,1768,1808,1809,1973,2052,2091,2128,2223,2391,2485,2508,2636,2645,2709,3045,3099,4472,5138,5741,5749,5808,6263,
127;1;3051;3208;1;24,38,61,79,100,137,143,144,145,149,202,208,225,231,245,262,277,288,289,321,377,379,382,390,395,396,404,429,502,591,644,645,647,769,852,854,898,949,989,1057,1117,1118,1134,1163,1171,1214,1293,1360,1423,1447,1474,1476,1478,1580,1587,1661,1667,1668,1669,1768,1808,1809,1973,2052,2091,2128,2223,2249,2391,2485,2508,2636,2645,2709,3099,3293,4472,5138,5808,6263,
373;0;3208;3378;1;24,38,61,79,100,137,144,145,149,202,208,225,231,245,262,277,288,289,321,377,379,382,390,395,396,404,429,502,591,644,645,647,769,852,854,898,949,989,995,1057,1117,1118,1134,1163,1171,1214,1275,1293,1360,1423,1474,1476,1478,1565,1580,1587,1661,1667,1668,1669,1768,1808,1809,1973,2052,2091,2223,2485,2538,2636,2645,2709,3099,3247,4472,5138,5791,5808,6263,6675,
88;1;3378;3413;1;24,38,61,70,79,100,137,144,145,149,189,202,208,225,231,245,262,277,288,289,321,377,379,382,390,395,396,404,429,502,591,644,647,769,852,854,871,873,874,875,876,877,880,898,949,989,995,1057,1118,1134,1163,1171,1214,1275,1293,1360,1423,1474,1476,1478,1580,1587,1669,1768,1808,1809,1973,2052,2091,2213,2223,2485,2645,2709,3099,3448,4472,5138,5808,6263,
270;0;3413;3562;1;24,38,61,68,79,100,137,144,145,149,169,189,196,198,202,208,225,231,245,262,277,288,289,321,377,379,382,390,395,396,404,429,502,591,609,644,647,769,871,873,874,875,876,877,898,949,1057,1118,1163,1171,1214,1275,1281,1293,1423,1474,1478,1560,1580,1587,1669,1808,1809,1973,2091,2223,2485,2645,2709,3070,3099,4364,4383,4472,5053,5138,5435,6263,6401,8158,
57;0;3562;3673;1;24,38,61,68,79,100,137,144,145,149,169,189,198,202,208,225,231,245,262,277,288,289,321,377,379,382,390,395,396,398,404,429,591,609,640,644,647,769,871,873,874,875,876,877,898,949,1057,1093,1118,1163,1171,1214,1275,1293,1361,1423,1474,1478,1560,1580,1587,1669,1802,1808,1809,1973,2053,2091,2223,2485,2645,2709,3070,3099,3337,4472,5053,5138,6263,6401,
9;0;4320;4406;1;24,38,61,79,100,137,144,145,149,169,189,198,202,208,225,231,245,262,277,288,289,321,377,379,382,390,395,396,398,404,429,591,609,640,644,647,769,871,873,874,875,876,877,898,949,1057,1093,1118,1171,1214,1275,1293,1361,1423,1474,1478,1560,1580,1587,1669,1809,1973,2053,2091,2223,2485,2645,2709,3070,3099,3724,4472,5053,5138,5954,5964,5976,5984,6263,6401,
363;0;4406;4496;1;24,26,38,61,79,100,144,145,149,189,198,202,225,231,245,262,277,288,289,321,377,379,390,395,396,398,404,429,515,529,591,609,640,644,647,769,871,873,874,875,876,877,898,1057,1093,1118,1214,1266,1269,1270,1275,1277,1287,1288,1293,1361,1474,1478,1560,1580,1587,1669,1809,1973,2091,2217,2223,2485,2645,2709,3099,5138,6203,6263,7978,7989,8873,8874,8875,8876,
369;0;4496;4544;1;24,26,38,61,79,100,144,145,149,189,198,202,225,231,245,262,277,288,289,321,377,379,390,395,396,398,404,405,429,515,529,591,609,640,644,647,769,871,873,874,875,876,877,898,1057,1093,1118,1214,1266,1269,1270,1275,1277,1287,1288,1293,1361,1474,1478,1560,1580,1587,1669,1809,1973,2091,2217,2223,2485,2645,2709,3034,3099,5109,5138,5505,5506,5507,6203,6263,
130;1;4544;4681;1;24,26,38,61,79,100,144,145,149,189,198,202,225,231,245,262,277,288,289,321,377,379,390,395,396,398,404,429,515,529,591,609,640,644,647,769,858,871,873,874,875,876,877,898,1057,1093,1118,1214,1266,1269,1270,1277,1287,1288,1293,1361,1474,1478,1524,1560,1580,1587,1669,1809,1973,2091,2217,2223,2492,2547,2645,2649,2693,2709,2783,3034,3099,4371,5138,6263,
299;0;4681;4822;1;24,26,38,61,79,100,144,145,149,189,202,225,231,245,262,277,288,289,321,379,390,395,396,398,404,429,529,591,609,640,644,647,769,858,871,873,874,875,876,877,898,1057,1093,1118,1214,1266,1269,1270,1287,1288,1293,1361,1474,1478,1541,1560,1587,1669,1809,1973,1980,1993,2059,2060,2061,2062,2063,2064,2065,2066,2067,2068,2069,2070,2223,2645,2709,3099,5138,6263,
87;0;4822;4996;1;24,26,38,79,89,100,144,145,149,189,202,225,245,262,277,288,289,321,379,390,395,396,398,404,429,529,609,644,647,765,766,769,841,851,871,873,874,875,876,877,898,932,1043,1057,1093,1118,1147,1214,1270,1288,1293,1474,1478,1529,1669,1809,1943,2223,2376,2627,2647,2709,3099,3635,4369,4373,4655,4734,5107,5138,5502,6263,9175,9179,9185,9187,9188,9189,9190,9191,
52;1;4996;5072;1;24,26,38,79,89,100,144,145,149,189,202,225,241,245,262,277,288,289,321,379,390,391,395,396,398,404,429,529,609,644,647,765,766,769,841,851,871,873,874,875,876,877,898,932,1043,1057,1093,1118,1147,1214,1270,1288,1293,1468,1474,1478,1529,1669,1809,1943,2109,2223,2376,2451,2627,2647,2709,2926,3099,3635,4369,4373,4655,4734,5107,5138,5243,5502,6125,6263,
51;0;5760;5899;1;24,26,38,79,89,100,144,145,149,189,202,225,241,245,262,277,288,289,321,379,390,391,395,396,398,404,429,529,609,644,647,765,766,769,841,851,871,872,873,874,875,876,877,878,879,898,932,1043,1057,1093,1118,1147,1214,1270,1288,1293,1468,1474,1478,1529,1669,1809,1943,2109,2223,2376,2451,2627,2647,2709,2926,3099,3635,4369,4373,4655,4734,5138,5502,6263,
336;0;5899;6056;1;24,26,38,79,86,89,100,144,145,149,189,202,225,241,245,262,277,288,289,321,379,390,391,395,396,398,404,429,529,609,644,647,765,766,769,841,851,871,872,873,874,875,876,877,878,879,898,932,1043,1057,1093,1118,1147,1214,1270,1288,1293,1468,1474,1478,1529,1669,1809,1943,2109,2223,2376,2451,2627,2647,2709,2926,3099,3635,4369,4373,4734,5138,5502,6263,
102;1;6056;6199;1;24,26,38,79,89,100,144,145,149,189,202,225,241,245,262,277,288,289,321,379,390,391,395,396,398,404,429,529,609,644,647,765,766,769,841,851,871,872,873,874,875,898,1043,1057,1093,1118,1147,1214,1270,1288,1293,1468,1474,1478,1529,1669,1809,1943,2109,2223,2376,2627,3099,3635,4369,4373,4734,5138,6263,6360,8219,8379,8380,8383,8384,8386,8387,8388,8389,8390,
71;0;6199;6348;1;24,26,38,79,89,95,100,142,144,145,149,189,202,225,241,245,262,277,288,289,293,321,379,390,391,395,396,398,404,429,529,609,644,647,765,766,769,772,841,851,871,872,873,874,875,898,1043,1057,1093,1118,1147,1214,1270,1288,1293,1468,1474,1478,1529,1669,1809,1813,1943,2109,2223,2376,2627,3099,3635,4369,4373,4734,5138,5594,6263,6360,8219,8379,8380,8383,
83;1;6348;6444;1;24,26,38,79,89,95,100,142,144,145,149,189,202,225,241,245,262,277,288,289,321,379,390,391,395,396,398,404,429,529,609,644,647,765,766,769,772,841,871,872,873,874,875,898,921,922,1043,1052,1057,1058,1093,1118,1147,1214,1270,1288,1293,1362,1468,1474,1478,1529,1669,1809,1918,1943,2109,2376,2627,2723,3099,3250,3635,4088,4369,4373,5138,6263,6360,8219,
84;0;6444;6553;1;24,26,38,79,89,95,100,142,144,145,149,189,202,225,241,245,262,277,288,289,321,379,390,391,395,396,398,404,429,529,609,644,647,765,766,769,772,841,871,872,873,874,875,921,1043,1052,1057,1093,1118,1147,1214,1270,1288,1293,1468,1474,1478,1529,1669,1809,1943,2109,2376,2627,3099,3635,4369,4373,5138,6360,7893,8122,8124,8219,8271,8272,8273,8275,8277,8283,
347;0;7200;7212;1;24,26,38,79,89,95,100,142,144,145,149,189,202,225,241,245,262,277,288,289,321,379,390,391,395,396,398,400,401,404,429,529,609,644,647,765,766,769,772,841,871,872,873,874,875,921,1043,1052,1057,1093,1118,1147,1214,1270,1288,1293,1401,1468,1474,1478,1529,1669,1762,1809,1943,2109,2376,2627,3099,3635,4369,4373,4502,5138,6360,7893,8122,8124,8219,8271,
294;0;7212;7357;1;24,26,38,79,89,95,100,142,144,145,149,189,202,225,245,262,277,288,289,321,379,390,391,395,396,398,400,404,429,529,609,644,647,765,766,769,772,841,871,872,873,874,875,921,1043,1052,1057,1093,1118,1147,1214,1270,1288,1293,1401,1468,1474,1478,1497,1529,1551,1552,1553,1555,1556,1557,1669,1809,1943,2109,2376,2627,3099,3129,3635,4369,4373,5138,6360,8219,
48;0;7357;7408;1;3,24,26,38,79,89,95,100,142,144,145,149,189,202,225,245,262,277,288,289,321,379,390,391,395,396,398,400,404,429,529,609,644,647,720,765,766,769,772,841,871,872,873,874,875,921,1043,1052,1057,1093,1118,1147,1214,1270,1288,1293,1401,1468,1470,1474,1478,1529,1669,1679,1809,1943,1944,2109,2376,2434,2627,2721,3099,3635,4369,4373,5138,6360,6565,8219,
55;0;7408;7449;1;3,24,26,38,79,89,95,100,142,144,145,149,189,202,225,245,262,277,288,289,321,379,390,391,395,396,398,400,404,429,448,529,578,609,644,647,730,765,766,769,772,841,871,872,873,874,875,1043,1052,1057,1093,1118,1147,1158,1214,1270,1288,1293,1468,1474,1478,1529,1669,1809,1943,1944,2028,2376,2434,2517,2627,3099,3635,3929,3930,3931,3932,4369,4373,5138,
318;0;7449;7482;1;3,24,26,38,79,89,95,100,142,144,145,149,185,189,202,205,206,225,245,262,277,288,289,321,379,390,391,395,396,398,400,404,429,529,578,609,644,647,660,765,766,769,772,791,841,868,871,872,873,874,875,964,1011,1043,1052,1057,1093,1118,1147,1214,1270,1288,1293,1463,1468,1474,1478,1529,1669,1809,2376,2434,2627,2966,3099,3264,3635,4369,4373,5138,
42;0;7482;7568;1;3,24,26,38,79,89,95,100,144,145,149,189,202,205,225,245,262,277,288,289,321,379,390,391,395,396,398,400,404,429,529,578,609,644,647,694,765,766,769,772,871,872,873,875,1043,1052,1057,1093,1118,1147,1214,1270,1288,1293,1463,1468,1474,1478,1481,1529,1669,1809,2376,2434,2627,2690,2955,3099,3635,4369,4373,5138,5484,5525,5634,5722,5869,6024,6099,6173,
40;1;7568;7646;1;3,24,26,38,79,89,95,100,139,144,145,149,189,202,205,225,245,262,277,288,289,321,333,379,390,391,395,396,398,400,404,429,529,578,609,644,647,765,766,769,772,871,872,873,875,948,1043,1052,1057,1093,1118,1147,1214,1233,1270,1288,1293,1463,1468,1474,1478,1481,1529,1633,1669,1749,1809,2376,2434,2627,2955,3099,3635,4369,4373,4471,4553,5138,5722,6099,
12;1;7646;7650;1;24,26,38,79,95,139,144,145,149,189,202,205,225,262,267,268,277,288,379,395,398,400,404,430,435,439,529,578,606,609,612,647,715,871,927,941,948,1057,1093,1094,1099,1118,1147,1270,1288,1293,1346,1406,1417,1478,1540,1671,2094,2627,2715,3099,4369,4471,4475,4553,4637,5134,5135,5136,5137,5138,5139,5140,5141,5142,5143,5144,5145,5146,5147,5148,5149,5150,5151,5152,
302;0;7650;7747;1;24,26,38,79,95,139,144,145,149,189,202,205,225,262,267,268,277,288,379,395,398,400,404,430,435,439,528,529,578,606,609,612,647,715,871,927,941,948,1057,1093,1094,1099,1118,1147,1266,1268,1270,1288,1293,1294,1322,1346,1406,1417,1478,1540,1671,2094,2240,2241,2242,2264,2410,2627,2715,2876,3099,3702,4217,4369,4471,4475,4553,4624,4637,5134,5135,5139,5144,5146,
117;1;7747;7904;1;24,26,38,79,95,139,144,145,149,189,202,205,225,262,267,268,277,288,379,395,398,400,404,430,435,439,528,529,578,606,609,612,647,715,871,927,941,948,1054,1057,1093,1094,1099,1118,1147,1266,1268,1270,1288,1293,1294,1322,1346,1406,1417,1478,1540,1604,1670,1671,1811,2094,2240,2241,2264,2410,2627,3099,3702,4093,4217,4369,4471,4475,4553,5135,5139,5144,5146,8261,
105;1;7904;8074;1;24,26,38,79,95,139,144,145,149,189,202,205,225,262,267,268,277,288,379,395,398,400,404,430,435,439,528,529,578,606,609,612,647,715,871,927,941,948,1054,1057,1093,1094,1099,1118,1147,1266,1268,1270,1288,1293,1294,1322,1346,1406,1417,1478,1540,1604,1670,1671,1811,2094,2240,2241,2264,2410,2627,3099,3702,4093,4217,4369,4467,4471,4475,4553,5135,5139,5144,5146,
268;0;8640;8692;1;24,26,38,79,95,139,144,145,149,189,202,205,225,262,267,268,274,277,288,296,379,395,398,400,404,430,435,439,528,529,578,606,609,612,640,647,715,871,927,941,948,1054,1057,1093,1094,1099,1118,1147,1266,1268,1270,1288,1293,1294,1322,1478,1540,1604,1670,1671,1811,1973,2094,2240,2264,2410,2627,3099,3702,3711,4093,4217,4369,4471,4475,4553,5135,5139,5144,5146,
108;0;8692;8787;1;24,26,38,79,95,139,144,145,149,189,202,205,225,262,267,268,274,277,288,296,379,395,398,400,404,430,435,439,528,529,578,606,609,612,640,647,715,871,927,941,948,1054,1057,1093,1094,1099,1118,1147,1266,1268,1270,1288,1293,1294,1322,1478,1540,1604,1670,1671,1811,1973,2094,2240,2264,2410,2627,3099,3702,4093,4217,4369,4471,4475,4553,5135,5139,5144,5146,7362,
339;0;8787;8955;1;24,26,38,79,95,139,144,145,149,189,202,205,210,225,248,262,267,268,274,277,288,379,395,398,404,522,528,529,578,581,632,640,647,715,803,871,927,948,1093,1094,1099,1118,1147,1196,1266,1268,1270,1288,1293,1294,1322,1425,1478,1540,1560,1604,1670,1671,1811,1936,1973,2201,2315,2410,2564,2627,3099,3345,3702,3883,3886,4225,4230,4369,4471,4553,5135,5139,5144,5180,
26;1;8955;9066;1;24,26,34,38,54,60,79,95,139,144,145,149,189,202,205,210,225,248,262,267,268,274,277,288,379,395,398,404,528,529,578,581,632,640,647,715,759,803,871,927,948,1093,1094,1099,1118,1147,1196,1266,1268,1270,1288,1293,1294,1322,1478,1540,1560,1604,1670,1671,1723,1811,1936,1973,2315,2410,2512,2564,2627,3099,3345,3702,4369,4471,4553,5135,5139,5144,6686,6687,
107;1;9066;9217;1;24,26,34,38,54,60,79,95,139,144,145,149,189,202,205,210,225,248,262,267,274,277,288,345,351,379,395,398,404,528,529,578,581,591,640,647,671,715,759,764,803,858,871,948,1093,1118,1147,1266,1268,1270,1288,1293,1294,1322,1356,1478,1540,1560,1604,1811,1936,2315,2410,2564,2627,2631,2643,2651,2652,3099,3345,3532,3702,4369,4471,4553,4733,5135,5144,5348,
116;0;9217;9284;1;24,26,34,38,54,60,79,95,139,144,145,149,189,202,205,210,225,247,248,262,267,274,277,288,379,395,398,404,528,529,578,581,591,640,647,715,759,764,803,858,871,948,1093,1118,1147,1266,1268,1270,1287,1288,1289,1293,1294,1322,1478,1560,1604,1811,1936,2261,2315,2410,2564,2627,3099,3345,3532,3597,3702,3802,4127,4451,4471,4553,4733,5135,5144,5522,5652,5653,
289;0;9284;9317;1;24,26,34,38,54,60,79,95,139,144,145,149,189,202,205,210,225,247,248,262,267,274,277,288,379,395,398,404,528,529,578,581,591,640,647,715,759,764,803,858,871,948,1093,1118,1147,1266,1268,1270,1287,1288,1289,1293,1294,1322,1478,1560,1604,1811,1936,2261,2315,2410,2564,2627,3099,3345,3532,3597,3702,3802,4127,4471,4553,4733,5135,5144,7335,7336,7410,7411,
322;0;9317;9383;1;24,26,34,38,54,60,79,95,139,144,145,149,189,202,205,210,225,247,248,262,267,274,277,288,379,395,398,404,491,528,529,578,581,591,640,647,715,759,764,803,858,871,948,979,1093,1118,1147,1266,1268,1270,1287,1288,1289,1293,1294,1322,1478,1560,1587,1604,1811,1936,2315,2410,2564,2627,3099,3345,3532,3597,3702,3802,4135,4471,4553,4733,4913,5135,5144,8695,
71;1;10080;10119;1;24,26,34,38,54,60,79,95,139,144,145,149,189,202,205,210,225,231,247,248,262,267,274,277,288,290,379,395,398,404,528,529,581,591,640,647,715,759,764,803,858,871,948,979,1093,1118,1147,1266,1268,1270,1287,1288,1293,1294,1322,1478,1560,1587,1604,1936,2315,2370,2410,2564,2627,2645,2774,2775,3099,3263,3345,3532,3802,4471,4553,4733,4946,5135,5144,5340,
77;0;10119;10298;1;24,26,34,54,60,79,95,139,144,145,149,189,197,202,210,225,248,262,267,277,288,379,395,398,404,466,528,529,581,591,640,647,759,764,803,826,858,871,948,1118,1147,1266,1267,1268,1270,1287,1288,1293,1294,1341,1478,1587,1781,1936,2197,2315,2370,2410,2564,2627,2645,2774,2775,3263,3345,3410,3532,3774,4471,4487,4488,4553,4946,5135,5144,5471,5682,7671,8836,8838,
16;1;10298;10375;1;24,26,34,54,60,79,95,139,144,145,149,189,197,202,210,225,248,262,267,277,288,379,395,398,404,466,528,529,581,591,640,647,759,764,803,826,858,871,948,1118,1146,1147,1266,1267,1268,1270,1287,1288,1293,1294,1341,1361,1478,1587,1781,1920,1936,2197,2315,2370,2410,2465,2564,2627,2645,2774,2775,3037,3263,3345,3532,3774,4471,4553,4946,5135,5144,7408,7751,8041,
381;0;10375;10400;1;24,26,34,54,60,79,95,139,144,145,149,189,197,202,210,225,248,262,267,277,288,379,395,398,404,466,528,529,581,591,640,647,759,764,803,826,858,871,948,1118,1146,1147,1266,1267,1268,1270,1287,1288,1293,1294,1341,1361,1478,1587,1781,1920,1936,2197,2315,2370,2410,2564,2627,2645,2774,2775,3037,3263,3345,3532,3774,4471,4553,4946,5135,5144,5758,5759,5760,7408,
91;1;10400;10469;1;24,25,26,34,54,55,60,61,79,95,139,144,145,149,189,202,225,248,262,277,288,366,379,395,398,404,457,509,528,529,551,581,591,759,764,778,858,871,948,1118,1146,1147,1266,1268,1270,1287,1288,1293,1294,1478,1587,1687,1781,1849,1936,2315,2370,2410,2564,2627,2645,2774,2775,3037,3263,3273,3345,3532,4471,4553,4946,6424,6425,6426,6427,6428,6429,6430,6431,6432,
28;1;10469;10529;1;24,25,26,34,54,55,60,61,79,95,139,144,145,149,189,202,225,248,262,277,288,366,379,395,398,404,457,509,528,529,551,580,581,591,637,759,764,778,858,871,948,1118,1146,1147,1266,1268,1270,1287,1288,1293,1294,1297,1478,1587,1687,1695,1781,1849,1936,2171,2263,2273,2315,2350,2351,2352,2370,2410,2564,2627,2645,2774,2775,3037,3263,3345,3532,4471,4553,4946,
79;1;10529;10667;1;15,24,25,26,27,34,54,55,60,61,79,95,139,144,145,149,150,187,188,189,202,225,248,262,277,288,366,379,395,398,404,412,509,528,529,551,567,580,581,591,759,764,858,871,948,1118,1146,1147,1266,1268,1270,1287,1288,1293,1294,1478,1587,1781,1849,1936,2263,2273,2315,2352,2370,2410,2564,2627,2645,2774,2775,3037,3263,3313,3314,3345,3532,4471,4553,4946,
370;0;10667;10768;1;24,25,26,34,54,55,60,61,79,95,139,144,145,149,188,189,202,255,262,288,379,395,398,528,529,551,591,614,618,619,759,858,871,948,1118,1146,1147,1240,1266,1268,1269,1270,1273,1278,1280,1286,1287,1288,1291,1293,1294,1295,1478,1512,1587,1936,2091,2315,2346,2347,2370,2410,2577,2627,2645,2774,2775,3263,3345,3532,4206,4471,4946,6966,7017,7018,7019,7020,7021,7022,
329;0;10768;10843;1;24,25,26,34,46,52,54,55,60,61,79,95,126,127,128,139,144,145,149,188,189,198,202,262,288,359,379,395,398,413,528,551,591,618,759,858,871,948,962,1118,1146,1147,1269,1270,1273,1280,1288,1291,1293,1294,1295,1478,1587,1853,1858,1936,2034,2035,2091,2315,2370,2410,2627,2645,2774,2775,2842,3263,3304,3345,3532,3999,4122,4471,4946,5290,5314,5477,5478,6966,
337;0;11520;11652;1;24,25,26,34,46,52,54,55,60,61,79,95,126,127,128,139,144,145,149,188,189,198,202,262,288,359,379,395,398,413,528,551,591,618,759,858,871,948,1118,1146,1147,1269,1270,1273,1280,1288,1291,1293,1294,1295,1332,1478,1587,1858,1936,2034,2035,2091,2315,2370,2410,2627,2645,2774,2775,2842,2868,3080,3263,3304,3345,3414,3532,3767,4471,4946,5091,5477,6966,8067,
108;1;11652;11746;1;24,25,26,34,46,54,55,60,61,79,95,126,139,144,145,149,188,189,198,202,262,288,379,395,398,528,551,591,618,858,871,948,1118,1146,1147,1269,1270,1273,1280,1288,1291,1293,1294,1295,1332,1478,1587,1858,1936,2034,2035,2091,2315,2370,2627,2645,2774,2775,2842,3080,3232,3263,3304,3345,3469,3472,3475,3486,3487,3498,3532,3687,3688,3689,3690,3767,4471,4946,5477,6966,
285;0;11746;11790;1;24,25,26,54,55,60,61,79,95,139,144,145,149,188,189,198,202,262,288,379,395,398,528,551,591,618,858,871,948,1118,1146,1147,1269,1270,1273,1280,1291,1293,1294,1295,1332,1348,1478,1528,1858,1936,2091,2315,2370,2589,2627,2645,2774,2775,2779,2808,3080,3263,3345,3532,3745,4471,4946,5531,5532,6966,7318,7460,7816,7886,8391,8583,8978,8979,8980,8981,8982,8983,8984,8985,
354;0;11790;11886;1;24,25,26,54,55,60,61,79,95,139,144,145,149,188,189,198,202,262,288,379,395,398,474,487,504,506,528,551,591,618,658,722,756,858,871,948,1089,1118,1146,1147,1269,1270,1273,1280,1291,1293,1294,1295,1332,1478,1528,1558,1580,1858,1936,1994,2091,2163,2230,2306,2315,2370,2627,2645,2774,2775,2779,3003,3022,3080,3263,3345,3532,3745,3864,4471,4946,5404,5405,6966,
85;0;11886;12015;1;24,25,26,54,55,60,61,79,95,139,144,145,149,188,189,198,202,262,288,297,329,379,395,398,504,551,591,618,722,858,871,948,1118,1146,1147,1198,1291,1293,1294,1332,1478,1528,1858,1936,1994,2091,2163,2306,2315,2318,2370,2600,2627,2628,2645,2770,2774,2775,2778,3080,3174,3263,3345,3532,3745,4471,4567,4739,4740,4802,4946,5230,5633,6966,7425,7426,7427,7428,7429,7430,
66;0;12015;12165;1;24,25,26,54,55,60,61,79,95,139,144,145,149,188,189,198,202,262,288,297,329,379,395,398,504,551,591,618,722,858,871,948,1118,1146,1147,1198,1291,1293,1294,1332,1478,1528,1858,1936,1994,2091,2163,2306,2315,2318,2370,2600,2627,2628,2645,2770,2774,2775,2778,3080,3174,3263,3345,3532,3745,4471,4567,4739,4740,4802,4946,5230,5633,6966,7425,7426,7427,7428,7429,8463,
2;0;12165;12312;1;24,25,26,54,55,60,61,79,95,139,144,145,149,188,189,198,202,262,288,297,329,377,379,395,398,504,551,591,618,722,858,871,948,1118,1146,1147,1198,1291,1293,1294,1332,1478,1528,1858,1936,1994,2091,2163,2306,2315,2318,2370,2600,2627,2628,2645,2770,2774,2775,2778,3080,3174,3263,3345,3532,3745,4471,4567,4739,4740,4802,4946,5230,5633,6966,7425,7426,7427,7428,7429,
276;0;12960;13033;1;24,25,26,54,55,60,61,79,95,139,144,145,149,188,189,198,202,251,262,288,297,329,377,379,395,398,504,551,591,618,722,858,871,948,1118,1146,1147,1291,1293,1294,1332,1478,1528,1712,1858,1868,1936,1994,2091,2163,2306,2315,2318,2370,2600,2627,2628,2645,2770,2774,2775,2778,3080,3255,3263,3345,3532,3692,3693,3694,3695,3696,3697,3745,4471,4567,4739,4740,5230,6966,
310;0;13033;13105;1;24,25,26,54,55,60,79,95,100,137,139,144,145,149,189,198,202,251,262,288,291,297,322,329,377,379,382,395,398,429,504,551,591,618,722,858,871,948,1118,1146,1147,1171,1236,1291,1293,1332,1478,1528,1858,1868,1936,1994,2052,2091,2163,2250,2315,2370,2600,2627,2628,2697,2774,2778,2951,3080,3260,3284,3345,3532,3694,3698,3745,4469,4470,4471,4472,4567,5230,6966,
68;0;13105;13182;1;24,25,26,54,55,60,79,95,100,137,139,144,145,149,189,198,202,251,262,288,291,297,322,329,377,379,382,395,398,429,504,551,591,618,722,858,871,948,1118,1146,1147,1171,1236,1291,1293,1304,1332,1463,1478,1528,1858,1868,1936,1994,2052,2091,2163,2250,2305,2315,2370,2600,2627,2628,2697,2774,2778,2951,3080,3260,3345,3532,3694,3745,4334,4471,4472,4567,5230,6966,
27;0;13182;13272;1;24,25,26,54,60,79,95,100,137,139,144,145,149,189,198,202,251,262,288,291,329,377,395,398,429,504,551,591,618,722,858,871,948,1118,1146,1147,1171,1236,1291,1293,1332,1478,1528,1868,1936,2091,2163,2305,2315,2370,2600,2627,2628,2774,2778,2951,3080,3260,3345,3532,3694,3745,4406,4471,4567,5230,6966,8134,8135,8136,8137,8138,8139,8140,8141,8142,8143,8144,8145,8146,
4;0;13272;13422;1;24,25,26,54,60,79,95,100,137,139,144,145,149,198,202,251,262,276,288,291,329,337,377,395,398,429,504,591,618,680,681,722,765,844,849,858,871,948,1118,1146,1147,1171,1236,1293,1332,1478,1528,1529,1868,1936,2091,2163,2305,2315,2370,2627,2628,2774,2778,2951,3080,3260,3345,3529,3532,3694,3745,4404,4405,4406,4407,4408,4409,4410,4411,4412,4471,4567,5230,6966,
266;0;13422;13553;1;24,25,26,41,45,48,54,60,79,95,100,137,139,144,145,149,198,202,251,262,276,288,291,329,337,377,395,398,429,504,591,618,680,681,722,765,844,849,858,871,948,989,1118,1146,1147,1171,1236,1293,1332,1478,1528,1529,1868,1936,2091,2163,2305,2315,2370,2581,2627,2628,2774,2778,2951,3080,3260,3345,3529,3532,3694,3745,4313,4315,4317,4407,4471,4567,5230,6966,
48;1;13553;13648;1;24,25,26,54,60,79,95,100,137,139,144,145,149,198,202,251,262,276,288,291,329,337,377,395,398,429,504,591,618,722,765,848,858,871,948,1073,1118,1146,1147,1169,1171,1236,1293,1332,1478,1523,1528,1666,1868,1936,2091,2163,2305,2315,2370,2547,2627,2628,2649,2677,2683,2693,2774,2778,2951,3080,3260,3694,3745,4371,4372,4373,4374,4375,4376,4407,4471,4567,5230,6966,
132;0;13648;13816;1;24,25,26,54,60,79,95,100,137,139,144,145,149,198,202,251,262,276,288,291,329,337,377,395,398,429,504,591,618,722,765,848,858,871,948,1073,1118,1146,1147,1171,1236,1293,1332,1478,1523,1528,1666,1868,1936,2091,2163,2305,2315,2370,2627,2628,2649,2677,2683,2693,2774,2777,2778,2951,3080,3694,3745,4371,4407,4471,4567,4604,4607,4627,4857,5230,5329,6361,6966,7272,
33;1;14400;14531;1;24,25,26,54,60,79,95,100,137,139,144,145,149,198,202,251,262,276,288,291,329,337,377,395,398,429,504,591,618,722,765,848,858,871,948,1073,1118,1146,1147,1171,1236,1293,1332,1478,1523,1528,1666,1868,1936,2022,2091,2163,2305,2315,2370,2627,2628,2649,2677,2683,2693,2774,2777,2778,2951,3080,3694,3745,4371,4407,4471,4567,4604,4607,4627,4857,5230,5329,6361,6966,
132;1;14531;14611;1;26,137,139,144,145,146,149,262,288,301,316,377,398,429,591,618,838,852,854,855,891,926,939,948,949,1118,1134,1165,1236,1476,1478,1484,1675,1768,2247,2292,2370,2371,2583,2587,2707,2738,2904,3133,3436,3438,3634,4424,4471,4473,4537,4658,5248,5251,5298,5452,5695,5697,5698,5700,5702,5807,5808,5809,5810,5811,5812,5813,5814,5815,5816,5817,5818,5819,5820,5821,5822,5823,5824,6966,
9;1;14611;14740;1;26,137,138,139,144,145,146,149,225,262,288,301,316,348,377,398,404,429,591,618,838,852,854,855,891,926,939,948,949,1118,1134,1165,1236,1398,1472,1476,1478,1480,1484,1675,1768,2247,2292,2370,2371,2583,2587,2707,2738,2904,3133,3436,3438,3634,4422,4423,4424,4471,4473,4537,4658,5248,5251,5298,5452,5695,5697,5698,5700,5702,5807,5808,5809,5810,5811,5812,5813,5814,5815,6966,
383;0;14740;14838;1;26,118,137,139,144,145,225,262,288,429,617,618,620,827,854,855,891,948,1096,1097,1098,1118,1134,1236,1310,1315,1398,1412,1413,1414,1415,1472,1476,1478,1480,1484,1877,1879,2271,2348,2576,2578,3572,3573,3574,4083,4084,4130,4471,4755,4922,5585,5698,5700,5714,5825,6030,6564,6589,6772,6966,7818,7865,7904,7905,7906,7907,7908,7909,7910,7911,7912,7913,7914,7915,7916,7917,7918,7919,7920,
22;1;14838;14985;1;3,26,118,137,139,144,145,225,262,288,333,429,617,618,620,827,854,855,891,948,1096,1097,1098,1118,1133,1134,1233,1236,1310,1315,1398,1412,1413,1414,1415,1472,1476,1478,1480,1484,1749,1877,1879,2053,2271,2348,2576,2578,3572,3573,3574,4083,4084,4130,4471,4553,4755,4922,5585,5698,5700,5714,5825,6030,6564,6589,6772,6966,7818,7865,7904,7905,7906,7907,7908,7909,7910,7911,7912,7913,
15;1;14985;15135;1;3,26,118,137,139,144,145,225,262,288,333,429,617,618,620,827,854,855,891,948,1096,1097,1098,1118,1133,1134,1233,1236,1310,1315,1398,1412,1413,1414,1415,1472,1476,1478,1480,1484,1749,1877,1879,2053,2271,2348,2576,2578,3572,3573,3574,3835,4083,4084,4130,4138,4471,4553,4755,4922,5585,5698,5700,5714,5825,6030,6564,6589,6772,6966,7402,7818,7865,7904,7905,7906,7907,7908,7909,7910,
END;178;2287;173;121;-2307
TIME;0
