./input/MyInstancesSameToolSets/n=75,p=0.24,r=0.5,t=650,v0.csv;./input/Processed/ToolSetInt.csv
2;720;1440
Machine: 0
9;0;0;41;1;87,663,762,764,8297,8298,8299,8300,
18;0;41;87;0;87,663,762,764,8297,8298,8299,8300,
18;1;87;142;0;87,663,762,764,8297,8298,8299,8300,
0;0;142;208;1;87,89,762,764,766,768,831,945,
0;1;208;355;1;87,89,762,764,766,768,831,945,
21;0;355;404;0;87,89,90,762,763,764,831,944,
21;1;404;515;0;87,89,90,762,763,764,831,944,
2;0;515;634;1;875,1274,1277,1287,1293,1294,1295,2443,
2;1;634;717;1;875,1274,1277,1287,1293,1294,1295,2443,
34;0;717;861;0;1287,1293,1294,1295,8555,8558,9032,9075,
34;1;861;937;0;1287,1293,1294,1295,8555,8558,9032,9075,
36;0;1440;1493;0;144,145,225,288,1401,1474,1478,2355,
6;0;1493;1594;1;144,288,397,1474,1478,1480,1921,4091,
11;0;1594;1692;1;144,288,397,588,1474,1478,1480,2502,
11;1;1692;1822;1;144,288,397,588,1474,1478,1480,2502,
37;0;1822;1910;0;137,395,397,400,647,1118,1668,5417,
37;1;1910;2029;0;137,395,397,400,647,1118,1668,5417,
31;0;2029;2092;0;135,295,404,647,1051,1118,1920,4470,
31;1;2092;2154;0;135,295,404,647,1051,1118,1920,4470,
44;0;2154;2269;0;15,871,2062,4313,4314,4315,4316,4317,
44;1;2269;2362;0;15,871,2062,4313,4314,4315,4316,4317,
25;0;2362;2427;0;15,871,2062,4313,4314,4315,4316,4317,
5;0;2427;2452;1;15,871,2062,4313,4314,4315,4316,4317,
29;0;2452;2612;0;15,871,2062,4313,4314,4315,4316,4317,
49;0;2612;2760;0;15,871,2062,4313,4314,4315,4316,4317,
49;1;2760;2815;0;15,871,2062,4313,4314,4315,4316,4317,
Machine: 1
28;0;0;33;0;7294,8165,8166,8170,8171,8174,8407,8989,
28;1;33;101;0;7294,8165,8166,8170,8171,8174,8407,8989,
48;0;101;205;0;15,16,34,41,42,43,44,45,
48;1;205;310;0;15,16,34,41,42,43,44,45,
46;0;310;365;0;15,34,35,36,45,49,52,54,
46;1;365;468;0;15,34,35,36,45,49,52,54,
17;0;468;484;0;15,16,17,19,37,46,52,54,
8;0;484;502;1;15,17,19,46,52,3686,5957,6009,
7;0;502;567;1;15,17,24,25,27,34,35,46,
7;1;567;606;1;15,17,24,25,27,34,35,46,
12;0;606;626;0;27,8465,8466,8467,8480,8481,8482,8483,
12;1;626;704;0;27,8465,8466,8467,8480,8481,8482,8483,
1;0;704;843;1;1268,1269,1270,1322,2220,2407,3721,3797,
1;1;843;941;1;1268,1269,1270,1322,2220,2407,3721,3797,
10;0;1440;1444;1;1268,1269,1270,1322,2220,2846,3606,7591,
15;0;1444;1530;0;55,1268,1269,1270,1322,2220,2487,3810,
15;1;1530;1643;0;55,1268,1269,1270,1322,2220,2487,3810,
39;0;1643;1688;0;8,142,390,429,1056,1146,2102,2155,
38;0;1688;1702;0;5,6,142,390,1050,1051,1052,1360,
38;1;1702;1731;0;5,6,142,390,1050,1051,1052,1360,
30;0;1731;1799;0;4,135,394,1052,1053,1230,1233,1236,
26;0;1799;1860;0;95,149,390,394,1053,1121,1484,1816,
14;0;1860;1914;0;95,143,262,321,1360,1470,1725,1809,
22;0;1914;1948;0;144,298,398,1814,4675,4967,4968,5050,
4;0;1948;1952;1;144,177,178,179,180,181,182,1676,
41;0;1952;2018;0;144,267,268,272,273,289,303,308,
41;1;2018;2156;0;144,267,268,272,273,289,303,308,
3;0;2156;2320;1;144,185,267,268,272,273,289,6654,
3;1;2320;2425;1;144,185,267,268,272,273,289,6654,
END;55;160;28;0;1210
TIME;1329
LOWERBOUND;660
