input/MyInstancesSameToolSets/n=75,p=0.24,r=0.5,t=650,v0.csv;./input/Processed/ToolSetInt.csv
2;720;1440
Machine: 0
7;0;0;65;1;15,17,24,25,27,29,34,35,46,55,68,76,77,87,97,144,145,177,178,179,185,225,228,288,397,404,553,554,588,663,762,1401,1474,1478,1480,1921,2220,2355,2487,2502,2846,3470,3473,3474,3606,3657,3658,3686,3810,4091,5957,6009,6654,7369,7397,7591,8265,8297,8298,8299,8300,8340,8465,8466,8467,8480,8481,8482,8483,8555,8558,8764,8765,8768,8770,9014,9015,9016,9032,9075,
7;1;65;104;1;15,17,24,25,27,29,34,35,46,55,68,76,77,87,97,144,145,177,178,179,185,225,228,288,397,404,553,554,588,663,762,1401,1474,1478,1480,1921,2220,2355,2487,2502,2846,3470,3473,3474,3606,3657,3658,3686,3810,4091,5957,6009,6654,7369,7397,7591,8265,8297,8298,8299,8300,8340,8465,8466,8467,8480,8481,8482,8483,8555,8558,8764,8765,8768,8770,9014,9015,9016,9032,9075,
27;0;104;187;0;15,17,24,25,27,29,34,35,46,55,68,76,77,87,97,144,145,177,178,179,185,225,228,288,397,404,553,554,588,663,762,1401,1474,1478,1480,1921,2220,2355,2487,2502,2846,3470,3473,3474,3606,3657,3658,3686,3810,4091,5957,6009,6654,7369,7397,7591,8265,8297,8298,8299,8300,8340,8465,8466,8467,8480,8481,8482,8483,8555,8558,8764,8765,8768,8770,9014,9015,9016,9032,9075,
27;1;187;359;0;15,17,24,25,27,29,34,35,46,55,68,76,77,87,97,144,145,177,178,179,185,225,228,288,397,404,553,554,588,663,762,1401,1474,1478,1480,1921,2220,2355,2487,2502,2846,3470,3473,3474,3606,3657,3658,3686,3810,4091,5957,6009,6654,7369,7397,7591,8265,8297,8298,8299,8300,8340,8465,8466,8467,8480,8481,8482,8483,8555,8558,8764,8765,8768,8770,9014,9015,9016,9032,9075,
34;0;359;503;0;15,17,24,25,27,29,34,35,46,55,68,76,77,87,97,144,145,177,178,179,185,225,228,288,397,404,553,554,588,663,762,1401,1474,1478,1480,1921,2220,2355,2487,2502,2846,3470,3473,3474,3606,3657,3658,3686,3810,4091,5957,6009,6654,7369,7397,7591,8265,8297,8298,8299,8300,8340,8465,8466,8467,8480,8481,8482,8483,8555,8558,8764,8765,8768,8770,9014,9015,9016,9032,9075,
34;1;503;579;0;15,17,24,25,27,29,34,35,46,55,68,76,77,87,97,144,145,177,178,179,185,225,228,288,397,404,553,554,588,663,762,1401,1474,1478,1480,1921,2220,2355,2487,2502,2846,3470,3473,3474,3606,3657,3658,3686,3810,4091,5957,6009,6654,7369,7397,7591,8265,8297,8298,8299,8300,8340,8465,8466,8467,8480,8481,8482,8483,8555,8558,8764,8765,8768,8770,9014,9015,9016,9032,9075,
18;0;579;625;0;15,17,24,25,27,29,34,35,46,55,68,76,77,87,97,144,145,177,178,179,185,225,228,288,397,404,553,554,588,663,762,1401,1474,1478,1480,1921,2220,2355,2487,2502,2846,3470,3473,3474,3606,3657,3658,3686,3810,4091,5957,6009,6654,7369,7397,7591,8265,8297,8298,8299,8300,8340,8465,8466,8467,8480,8481,8482,8483,8555,8558,8764,8765,8768,8770,9014,9015,9016,9032,9075,
18;1;625;680;0;15,17,24,25,27,29,34,35,46,55,68,76,77,87,97,144,145,177,178,179,185,225,228,288,397,404,553,554,588,663,762,1401,1474,1478,1480,1921,2220,2355,2487,2502,2846,3470,3473,3474,3606,3657,3658,3686,3810,4091,5957,6009,6654,7369,7397,7591,8265,8297,8298,8299,8300,8340,8465,8466,8467,8480,8481,8482,8483,8555,8558,8764,8765,8768,8770,9014,9015,9016,9032,9075,
3;0;680;844;1;15,17,24,25,27,29,34,35,46,55,68,76,77,87,97,144,145,177,178,179,185,225,228,288,397,404,553,554,588,663,762,1401,1474,1478,1480,1921,2220,2355,2487,2502,2846,3470,3473,3474,3606,3657,3658,3686,3810,4091,5957,6009,6654,7369,7397,7591,8265,8297,8298,8299,8300,8340,8465,8466,8467,8480,8481,8482,8483,8555,8558,8764,8765,8768,8770,9014,9015,9016,9032,9075,
3;1;844;949;1;15,17,24,25,27,29,34,35,46,55,68,76,77,87,97,144,145,177,178,179,185,225,228,288,397,404,553,554,588,663,762,1401,1474,1478,1480,1921,2220,2355,2487,2502,2846,3470,3473,3474,3606,3657,3658,3686,3810,4091,5957,6009,6654,7369,7397,7591,8265,8297,8298,8299,8300,8340,8465,8466,8467,8480,8481,8482,8483,8555,8558,8764,8765,8768,8770,9014,9015,9016,9032,9075,
15;0;949;1035;0;15,17,24,25,27,29,34,35,46,55,68,76,77,87,97,144,145,177,178,179,185,225,228,288,397,404,553,554,588,663,762,1401,1474,1478,1480,1921,2220,2355,2487,2502,2846,3470,3473,3474,3606,3657,3658,3686,3810,4091,5957,6009,6654,7369,7397,7591,8265,8297,8298,8299,8300,8340,8465,8466,8467,8480,8481,8482,8483,8555,8558,8764,8765,8768,8770,9014,9015,9016,9032,9075,
15;1;1035;1148;0;15,17,24,25,27,29,34,35,46,55,68,76,77,87,97,144,145,177,178,179,185,225,228,288,397,404,553,554,588,663,762,1401,1474,1478,1480,1921,2220,2355,2487,2502,2846,3470,3473,3474,3606,3657,3658,3686,3810,4091,5957,6009,6654,7369,7397,7591,8265,8297,8298,8299,8300,8340,8465,8466,8467,8480,8481,8482,8483,8555,8558,8764,8765,8768,8770,9014,9015,9016,9032,9075,
35;0;1148;1316;0;15,17,24,25,27,29,34,35,46,55,68,76,77,87,97,144,145,177,178,179,185,225,228,288,397,404,553,554,588,663,762,1401,1474,1478,1480,1921,2220,2355,2487,2502,2846,3470,3473,3474,3606,3657,3658,3686,3810,4091,5957,6009,6654,7369,7397,7591,8265,8297,8298,8299,8300,8340,8465,8466,8467,8480,8481,8482,8483,8555,8558,8764,8765,8768,8770,9014,9015,9016,9032,9075,
6;0;1316;1417;1;15,17,24,25,27,29,34,35,46,55,68,76,77,87,97,144,145,177,178,179,185,225,228,288,397,404,553,554,588,663,762,1401,1474,1478,1480,1921,2220,2355,2487,2502,2846,3470,3473,3474,3606,3657,3658,3686,3810,4091,5957,6009,6654,7369,7397,7591,8265,8297,8298,8299,8300,8340,8465,8466,8467,8480,8481,8482,8483,8555,8558,8764,8765,8768,8770,9014,9015,9016,9032,9075,
10;0;1417;1421;1;15,17,24,25,27,29,34,35,46,55,68,76,77,87,97,144,145,177,178,179,185,225,228,288,397,404,553,554,588,663,762,1401,1474,1478,1480,1921,2220,2355,2487,2502,2846,3470,3473,3474,3606,3657,3658,3686,3810,4091,5957,6009,6654,7369,7397,7591,8265,8297,8298,8299,8300,8340,8465,8466,8467,8480,8481,8482,8483,8555,8558,8764,8765,8768,8770,9014,9015,9016,9032,9075,
36;0;1421;1474;0;15,17,24,25,27,29,34,35,46,55,68,76,77,87,97,144,145,177,178,179,185,225,228,288,397,404,553,554,588,663,762,1401,1474,1478,1480,1921,2220,2355,2487,2502,2846,3470,3473,3474,3606,3657,3658,3686,3810,4091,5957,6009,6654,7369,7397,7591,8265,8297,8298,8299,8300,8340,8465,8466,8467,8480,8481,8482,8483,8555,8558,8764,8765,8768,8770,9014,9015,9016,9032,9075,
9;0;1474;1515;1;15,17,24,25,27,29,34,35,46,55,68,76,77,87,97,144,145,177,178,179,185,225,228,288,397,404,553,554,588,663,762,1401,1474,1478,1480,1921,2220,2355,2487,2502,2846,3470,3473,3474,3606,3657,3658,3686,3810,4091,5957,6009,6654,7369,7397,7591,8265,8297,8298,8299,8300,8340,8465,8466,8467,8480,8481,8482,8483,8555,8558,8764,8765,8768,8770,9014,9015,9016,9032,9075,
11;0;1515;1613;1;15,17,24,25,27,29,34,35,46,55,68,76,77,87,97,144,145,177,178,179,185,225,228,288,397,404,553,554,588,663,762,1401,1474,1478,1480,1921,2220,2355,2487,2502,2846,3470,3473,3474,3606,3657,3658,3686,3810,4091,5957,6009,6654,7369,7397,7591,8265,8297,8298,8299,8300,8340,8465,8466,8467,8480,8481,8482,8483,8555,8558,8764,8765,8768,8770,9014,9015,9016,9032,9075,
11;1;1613;1743;1;15,17,24,25,27,29,34,35,46,55,68,76,77,87,97,144,145,177,178,179,185,225,228,288,397,404,553,554,588,663,762,1401,1474,1478,1480,1921,2220,2355,2487,2502,2846,3470,3473,3474,3606,3657,3658,3686,3810,4091,5957,6009,6654,7369,7397,7591,8265,8297,8298,8299,8300,8340,8465,8466,8467,8480,8481,8482,8483,8555,8558,8764,8765,8768,8770,9014,9015,9016,9032,9075,
12;0;1743;1763;0;15,17,24,25,27,29,34,35,46,55,68,76,77,87,97,144,145,177,178,179,185,225,228,288,397,404,553,554,588,663,762,1401,1474,1478,1480,1921,2220,2355,2487,2502,2846,3470,3473,3474,3606,3657,3658,3686,3810,4091,5957,6009,6654,7369,7397,7591,8265,8297,8298,8299,8300,8340,8465,8466,8467,8480,8481,8482,8483,8555,8558,8764,8765,8768,8770,9014,9015,9016,9032,9075,
12;1;1763;1841;0;15,17,24,25,27,29,34,35,46,55,68,76,77,87,97,144,145,177,178,179,185,225,228,288,397,404,553,554,588,663,762,1401,1474,1478,1480,1921,2220,2355,2487,2502,2846,3470,3473,3474,3606,3657,3658,3686,3810,4091,5957,6009,6654,7369,7397,7591,8265,8297,8298,8299,8300,8340,8465,8466,8467,8480,8481,8482,8483,8555,8558,8764,8765,8768,8770,9014,9015,9016,9032,9075,
8;0;1841;1859;1;15,17,24,25,27,29,34,35,46,55,68,76,77,87,97,144,145,177,178,179,185,225,228,288,397,404,553,554,588,663,762,1401,1474,1478,1480,1921,2220,2355,2487,2502,2846,3470,3473,3474,3606,3657,3658,3686,3810,4091,5957,6009,6654,7369,7397,7591,8265,8297,8298,8299,8300,8340,8465,8466,8467,8480,8481,8482,8483,8555,8558,8764,8765,8768,8770,9014,9015,9016,9032,9075,
4;0;1859;1863;1;15,17,24,25,27,29,34,35,46,55,68,76,77,87,97,144,145,177,178,179,180,181,182,183,184,185,225,228,288,397,404,553,554,588,663,762,1401,1474,1478,1480,1676,1921,2220,2355,2487,2502,2846,3470,3473,3474,3606,3657,3658,3686,3810,4091,5957,6009,6654,7369,7397,7591,8265,8297,8298,8299,8300,8340,8465,8466,8467,8480,8481,8482,8483,8555,8558,8764,8765,8768,
25;0;1863;1928;0;15,17,24,25,27,29,34,35,46,54,55,60,68,76,77,87,97,144,145,177,178,179,180,181,182,183,184,185,225,228,288,397,404,553,554,588,663,762,871,1401,1474,1478,1480,1676,1707,1921,2062,2063,2220,2355,2487,2502,2846,3345,3346,3470,3473,3474,3606,3657,3658,3686,3810,4091,4313,4314,4315,4316,4317,4318,5957,6009,6041,6654,7369,7397,7591,8265,8297,8298,
45;0;1928;2014;0;15,17,24,25,27,29,34,35,46,54,55,60,68,76,77,87,97,144,145,177,178,179,180,181,182,183,184,185,225,228,288,297,329,397,404,553,554,588,663,762,871,1198,1401,1474,1478,1480,1676,1707,1921,2062,2063,2220,2600,2628,2645,2774,2775,2778,3263,3345,3346,3470,3473,3474,4313,4314,4315,4316,4317,4318,4567,4739,4740,4946,5230,5633,5683,7425,7426,7427,
45;1;2014;2112;0;15,17,24,25,27,29,34,35,46,54,55,60,68,76,77,87,97,144,145,177,178,179,180,181,182,183,184,185,225,228,288,297,329,397,404,553,554,588,663,762,871,1198,1401,1474,1478,1480,1676,1707,1921,2062,2063,2220,2600,2628,2645,2774,2775,2778,3263,3345,3346,3470,3473,3474,4313,4314,4315,4316,4317,4318,4567,4739,4740,4946,5230,5633,5683,7425,7426,7427,
24;0;2112;2218;0;15,17,24,25,27,29,34,35,46,54,55,60,68,76,77,87,97,144,145,159,177,178,179,180,181,182,183,184,185,225,288,397,404,581,762,871,1085,1287,1293,1474,1478,1587,1651,1925,2062,2063,2220,2273,2645,2827,2879,2941,2968,3345,3346,3384,3421,3470,3473,3474,3734,3851,3852,4313,4314,4315,4316,4317,4318,5779,6445,6693,6861,6862,6863,6864,6865,6866,6867,6868,
24;1;2218;2376;0;15,17,24,25,27,29,34,35,46,54,55,60,68,76,77,87,97,144,145,159,177,178,179,180,181,182,183,184,185,225,288,397,404,581,762,871,1085,1287,1293,1474,1478,1587,1651,1925,2062,2063,2220,2273,2645,2827,2879,2941,2968,3345,3346,3384,3421,3470,3473,3474,3734,3851,3852,4313,4314,4315,4316,4317,4318,5779,6445,6693,6861,6862,6863,6864,6865,6866,6867,6868,
Machine: 1
28;0;0;33;0;15,24,27,29,34,35,54,55,60,87,144,149,177,276,288,395,397,398,400,404,591,640,644,762,773,833,834,835,838,854,855,871,946,948,1146,1287,1293,1474,1478,1483,1587,1674,2062,2063,2220,2379,2645,2677,2941,3345,3346,4313,4314,4315,4316,4317,4318,7294,7299,8165,8166,8170,8171,8174,8391,8407,8426,8427,8428,8787,8788,8968,8969,8970,8971,8972,8973,8974,8989,8990,
28;1;33;101;0;15,24,27,29,34,35,54,55,60,87,144,149,177,276,288,395,397,398,400,404,591,640,644,762,773,833,834,835,838,854,855,871,946,948,1146,1287,1293,1474,1478,1483,1587,1674,2062,2063,2220,2379,2645,2677,2941,3345,3346,4313,4314,4315,4316,4317,4318,7294,7299,8165,8166,8170,8171,8174,8391,8407,8426,8427,8428,8787,8788,8968,8969,8970,8971,8972,8973,8974,8989,8990,
0;0;101;167;1;15,24,27,29,34,35,54,55,60,87,89,94,104,140,144,149,177,276,288,349,395,397,398,400,404,591,640,644,693,762,764,766,768,769,772,773,831,833,834,835,844,854,863,871,945,947,949,1019,1020,1021,1022,1023,1024,1025,1026,1027,1028,1029,1030,1031,1146,1287,1293,1478,1587,2062,2063,2220,2645,2941,3345,3346,4313,4314,4315,4316,4317,4318,8165,8166,
0;1;167;314;1;15,24,27,29,34,35,54,55,60,87,89,94,104,140,144,149,177,276,288,349,395,397,398,400,404,591,640,644,693,762,764,766,768,769,772,773,831,833,834,835,844,854,863,871,945,947,949,1019,1020,1021,1022,1023,1024,1025,1026,1027,1028,1029,1030,1031,1146,1287,1293,1478,1587,2062,2063,2220,2645,2941,3345,3346,4313,4314,4315,4316,4317,4318,8165,8166,
46;0;314;369;0;15,24,27,29,34,35,36,45,49,52,54,55,60,72,87,89,94,104,140,144,149,177,276,288,349,395,397,398,400,404,591,640,644,658,659,660,661,693,762,764,766,768,769,772,773,831,833,834,835,844,854,863,871,945,947,949,1019,1020,1021,1022,1146,1287,1293,1478,1587,2062,2063,2220,2645,2941,3345,3346,4313,4314,4315,4316,4317,4318,8165,8166,
46;1;369;472;0;15,24,27,29,34,35,36,45,49,52,54,55,60,72,87,89,94,104,140,144,149,177,276,288,349,395,397,398,400,404,591,640,644,658,659,660,661,693,762,764,766,768,769,772,773,831,833,834,835,844,854,863,871,945,947,949,1019,1020,1021,1022,1146,1287,1293,1478,1587,2062,2063,2220,2645,2941,3345,3346,4313,4314,4315,4316,4317,4318,8165,8166,
5;0;472;497;1;15,24,27,29,34,35,36,39,45,49,52,54,55,60,72,87,89,94,104,140,144,149,177,218,276,288,349,395,397,398,400,404,499,533,547,591,640,644,658,659,660,661,693,762,764,766,768,769,772,773,831,844,854,871,979,1146,1287,1293,1478,1509,1587,1596,2062,2063,2220,2645,2941,3345,3346,4313,4314,4315,4316,4317,4318,4452,7381,7950,8165,8166,
49;0;497;645;0;15,24,27,29,34,35,36,39,45,49,52,54,55,60,72,87,89,94,104,140,144,149,175,177,206,218,276,280,288,349,364,395,397,398,400,404,412,496,512,516,591,632,640,644,741,762,764,766,768,769,773,831,844,854,871,1146,1287,1293,1478,1587,2062,2063,2220,2306,2645,2941,3345,3346,4135,4313,4314,4315,4316,4317,4318,4339,6175,6176,8165,8166,
49;1;645;700;0;15,24,27,29,34,35,36,39,45,49,52,54,55,60,72,87,89,94,104,140,144,149,175,177,206,218,276,280,288,349,364,395,397,398,400,404,412,496,512,516,591,632,640,644,741,762,764,766,768,769,773,831,844,854,871,1146,1287,1293,1478,1587,2062,2063,2220,2306,2645,2941,3345,3346,4135,4313,4314,4315,4316,4317,4318,4339,6175,6176,8165,8166,
1;0;700;839;1;15,24,27,29,34,35,36,39,45,49,52,54,55,60,72,87,89,144,149,177,206,218,276,288,395,397,398,400,404,412,496,591,632,640,644,762,764,766,768,769,773,831,844,854,871,1146,1268,1269,1270,1287,1293,1294,1295,1322,1478,1587,2062,2063,2220,2235,2306,2407,2645,3345,3346,3703,3721,3797,4112,4217,4313,4314,4315,4316,4317,4318,4353,6175,8165,8166,
1;1;839;937;1;15,24,27,29,34,35,36,39,45,49,52,54,55,60,72,87,89,144,149,177,206,218,276,288,395,397,398,400,404,412,496,591,632,640,644,762,764,766,768,769,773,831,844,854,871,1146,1268,1269,1270,1287,1293,1294,1295,1322,1478,1587,2062,2063,2220,2235,2306,2407,2645,3345,3346,3703,3721,3797,4112,4217,4313,4314,4315,4316,4317,4318,4353,6175,8165,8166,
2;0;1440;1559;1;15,24,27,29,34,35,36,39,45,49,52,54,55,60,87,89,144,149,177,206,218,276,288,395,397,398,400,404,412,496,591,632,640,644,762,764,766,768,769,773,831,844,854,871,875,1146,1274,1277,1287,1293,1294,1295,1478,1512,1587,1702,2062,2063,2263,2264,2306,2443,2444,2445,2446,2447,2448,2449,2645,3345,3346,4313,4314,4315,4316,4317,4318,6175,8165,8166,
2;1;1559;1642;1;15,24,27,29,34,35,36,39,45,49,52,54,55,60,87,89,144,149,177,206,218,276,288,395,397,398,400,404,412,496,591,632,640,644,762,764,766,768,769,773,831,844,854,871,875,1146,1274,1277,1287,1293,1294,1295,1478,1512,1587,1702,2062,2063,2263,2264,2306,2443,2444,2445,2446,2447,2448,2449,2645,3345,3346,4313,4314,4315,4316,4317,4318,6175,8165,8166,
21;0;1642;1691;0;15,24,27,29,34,35,36,39,45,49,52,54,55,60,87,89,90,144,149,177,206,218,276,288,395,397,398,400,404,412,496,591,632,640,644,762,763,764,766,768,769,773,831,844,854,871,875,944,1041,1042,1043,1146,1274,1277,1287,1293,1294,1295,1478,1512,1587,1702,2062,2063,2263,2264,2306,2443,2645,3345,3346,4313,4314,4315,4316,4317,4318,6175,8165,8166,
21;1;1691;1802;0;15,24,27,29,34,35,36,39,45,49,52,54,55,60,87,89,90,144,149,177,206,218,276,288,395,397,398,400,404,412,496,591,632,640,644,762,763,764,766,768,769,773,831,844,854,871,875,944,1041,1042,1043,1146,1274,1277,1287,1293,1294,1295,1478,1512,1587,1702,2062,2063,2263,2264,2306,2443,2645,3345,3346,4313,4314,4315,4316,4317,4318,6175,8165,8166,
44;0;1802;1917;0;15,24,27,29,34,35,36,39,45,49,52,54,55,60,87,89,90,144,149,177,198,206,218,276,288,395,397,398,400,404,412,496,591,632,640,644,762,763,764,766,768,769,773,831,844,854,871,875,944,1041,1042,1043,1146,1274,1277,1287,1293,1478,1587,2062,2063,2305,2306,2645,3345,3346,3831,4213,4313,4314,4315,4316,4317,4318,5314,6175,6760,6761,8165,8166,
44;1;1917;2010;0;15,24,27,29,34,35,36,39,45,49,52,54,55,60,87,89,90,144,149,177,198,206,218,276,288,395,397,398,400,404,412,496,591,632,640,644,762,763,764,766,768,769,773,831,844,854,871,875,944,1041,1042,1043,1146,1274,1277,1287,1293,1478,1587,2062,2063,2305,2306,2645,3345,3346,3831,4213,4313,4314,4315,4316,4317,4318,5314,6175,6760,6761,8165,8166,
32;0;2010;2060;0;15,24,27,29,34,35,36,39,45,49,52,54,55,60,87,89,90,144,149,177,198,206,218,276,288,292,395,397,398,400,404,412,496,591,632,640,644,762,763,764,766,768,769,773,831,844,854,871,875,944,1041,1042,1043,1058,1146,1147,1274,1277,1287,1293,1478,1587,2062,2063,2645,3345,3346,3925,4016,4017,4018,4019,4313,4314,4315,4316,4317,4318,8165,8166,
22;0;2060;2094;0;15,24,27,29,34,35,36,39,45,49,52,54,55,60,87,89,90,144,149,177,198,206,218,276,288,292,298,395,397,398,400,404,412,496,591,632,640,644,762,763,764,766,768,769,773,831,844,854,871,875,944,1041,1042,1043,1058,1146,1147,1274,1277,1478,1587,1814,2062,2063,2645,3345,3346,3925,4313,4314,4315,4316,4317,4318,4675,4967,4968,5050,8165,8166,
38;0;2094;2108;0;5,6,7,8,15,24,27,29,34,35,36,39,45,49,52,54,55,60,87,89,90,142,144,148,149,177,198,206,218,276,288,292,298,390,395,397,398,400,404,412,496,591,632,640,644,762,763,764,766,768,769,773,831,854,871,1050,1051,1052,1053,1146,1360,1478,1587,1603,1604,2062,2063,2645,3345,3346,3925,4313,4314,4315,4316,4317,4318,5050,8165,8166,
38;1;2108;2137;0;5,6,7,8,15,24,27,29,34,35,36,39,45,49,52,54,55,60,87,89,90,142,144,148,149,177,198,206,218,276,288,292,298,390,395,397,398,400,404,412,496,591,632,640,644,762,763,764,766,768,769,773,831,854,871,1050,1051,1052,1053,1146,1360,1478,1587,1603,1604,2062,2063,2645,3345,3346,3925,4313,4314,4315,4316,4317,4318,5050,8165,8166,
43;0;2137;2262;0;5,6,7,8,15,24,27,29,34,35,36,38,39,45,49,52,54,55,60,87,89,90,142,144,148,149,152,177,198,206,218,279,288,292,390,395,397,398,400,404,412,491,496,591,632,640,644,656,769,805,854,871,1050,1051,1052,1053,1146,1360,1478,1587,2062,2063,2645,3314,3326,3345,3346,3577,3925,4313,4314,4315,4316,4317,4318,5050,5469,6072,8165,8166,
43;1;2262;2431;0;5,6,7,8,15,24,27,29,34,35,36,38,39,45,49,52,54,55,60,87,89,90,142,144,148,149,152,177,198,206,218,279,288,292,390,395,397,398,400,404,412,491,496,591,632,640,644,656,769,805,854,871,1050,1051,1052,1053,1146,1360,1478,1587,2062,2063,2645,3314,3326,3345,3346,3577,3925,4313,4314,4315,4316,4317,4318,5050,5469,6072,8165,8166,
END;51;215;16;0;1155
TIME;6009
