./input/MyInstancesSameToolSets/n=15,p=0.5,r=0.5,t=0,v0.csv;./input/Processed/ToolSetInt.csv
1;720;1440
Machine: 0
3;0;0;158;1;27,144,159,178,179,225,262,302,307,380,381,581,594,595,875,1085,1268,1269,1270,1274,1277,1287,1293,1294,1295,1322,1416,1424,1512,1587,1651,1702,1925,2220,2235,2263,2264,2273,2407,2443,2444,2445,2446,2447,2448,2449,2827,2879,2941,2968,3384,3421,3686,3703,3721,3734,3797,3851,3852,4112,4217,4353,5779,5957,6009,6445,6693,6861,6862,6863,6864,6865,6866,6867,6868,8165,8555,8558,9032,9075,
2;0;158;234;1;27,144,159,178,179,225,262,302,307,380,381,581,594,595,875,1085,1268,1269,1270,1274,1277,1287,1293,1294,1295,1322,1416,1424,1512,1587,1651,1702,1925,2220,2235,2263,2264,2273,2407,2443,2444,2445,2446,2447,2448,2449,2827,2879,2941,2968,3384,3421,3686,3703,3721,3734,3797,3851,3852,4112,4217,4353,5779,5957,6009,6445,6693,6861,6862,6863,6864,6865,6866,6867,6868,8165,8555,8558,9032,9075,
7;0;234;332;0;27,144,159,178,179,225,262,302,307,380,381,581,594,595,875,1085,1268,1269,1270,1274,1277,1287,1293,1294,1295,1322,1416,1424,1512,1587,1651,1702,1925,2220,2235,2263,2264,2273,2407,2443,2444,2445,2446,2447,2448,2449,2827,2879,2941,2968,3384,3421,3686,3703,3721,3734,3797,3851,3852,4112,4217,4353,5779,5957,6009,6445,6693,6861,6862,6863,6864,6865,6866,6867,6868,8165,8555,8558,9032,9075,
10;0;332;350;0;27,144,159,178,179,225,262,302,307,380,381,581,594,595,875,1085,1268,1269,1270,1274,1277,1287,1293,1294,1295,1322,1416,1424,1512,1587,1651,1702,1925,2220,2235,2263,2264,2273,2407,2443,2444,2445,2446,2447,2448,2449,2827,2879,2941,2968,3384,3421,3686,3703,3721,3734,3797,3851,3852,4112,4217,4353,5779,5957,6009,6445,6693,6861,6862,6863,6864,6865,6866,6867,6868,8165,8555,8558,9032,9075,
6;0;350;500;0;27,144,159,178,179,225,262,302,307,380,381,581,594,595,875,1085,1268,1269,1270,1274,1277,1287,1293,1294,1295,1322,1416,1424,1512,1587,1651,1702,1925,2220,2235,2263,2264,2273,2407,2443,2444,2445,2446,2447,2448,2449,2827,2879,2941,2968,3384,3421,3686,3703,3721,3734,3797,3851,3852,4112,4217,4353,5779,5957,6009,6445,6693,6861,6862,6863,6864,6865,6866,6867,6868,8165,8555,8558,9032,9075,
12;0;500;583;0;27,144,159,178,179,225,262,302,307,380,381,581,594,595,875,1085,1268,1269,1270,1274,1277,1287,1293,1294,1295,1322,1416,1424,1512,1587,1651,1702,1925,2220,2235,2263,2264,2273,2407,2443,2444,2445,2446,2447,2448,2449,2827,2879,2941,2968,3384,3421,3686,3703,3721,3734,3797,3851,3852,4112,4217,4353,5779,5957,6009,6445,6693,6861,6862,6863,6864,6865,6866,6867,6868,8165,8555,8558,9032,9075,
9;0;583;651;0;27,144,149,159,178,179,225,262,276,302,307,380,381,395,397,398,400,581,591,594,595,640,644,773,833,834,835,838,854,855,875,946,948,1085,1146,1268,1269,1270,1274,1277,1287,1293,1294,1295,1322,1416,1424,1474,1483,1512,1587,1651,1674,2379,2645,2677,2941,7294,7299,8165,8166,8170,8171,8174,8391,8407,8426,8427,8428,8787,8788,8968,8969,8970,8971,8972,8973,8974,8989,8990,
4;0;651;789;1;27,144,149,159,178,179,225,262,267,268,272,273,276,287,289,302,303,307,308,380,381,395,397,398,400,434,581,591,594,595,640,644,773,833,834,835,838,854,855,875,902,903,904,905,921,922,936,940,946,948,1085,1146,1204,1205,1206,1207,1208,1209,1210,1211,1212,1268,1269,1270,1274,1277,1287,1293,1294,1295,1322,1416,1424,1474,1483,1512,1587,1651,1674,2941,
Machine: 1
0;0;0;105;1;15,16,17,18,19,20,21,22,23,24,25,26,27,34,35,36,37,38,39,40,41,42,43,44,45,46,48,49,50,51,52,53,54,55,56,57,58,59,60,61,110,111,144,149,159,178,179,225,262,267,268,272,273,276,287,289,302,303,307,308,380,381,395,397,398,400,434,494,495,496,778,854,1311,1423,1587,2091,2941,3717,5825,6244,
11;0;105;160;0;15,16,17,18,19,20,21,22,23,24,25,26,27,29,34,35,36,37,38,39,40,41,42,43,44,45,46,48,49,50,51,52,53,54,55,56,57,58,59,60,61,110,111,144,149,159,175,178,179,206,225,262,280,364,395,412,496,512,516,632,741,854,871,1587,2062,2063,2306,2941,3345,3346,4135,4313,4314,4315,4316,4317,4318,4339,6175,6176,
1;0;160;222;1;1,15,16,17,18,19,20,21,22,23,24,25,26,27,29,34,35,36,37,38,39,40,41,42,43,44,45,46,48,49,50,54,60,95,135,288,292,295,395,404,647,854,871,1051,1118,1231,1489,1799,1816,1920,2062,2063,2322,2476,2709,2892,2910,3250,3267,3268,3284,3345,3346,3711,3712,4033,4313,4314,4315,4316,4317,4318,4470,4472,4497,7635,8041,9199,9200,9201,
1;1;222;284;1;1,15,16,17,18,19,20,21,22,23,24,25,26,27,29,34,35,36,37,38,39,40,41,42,43,44,45,46,48,49,50,54,60,95,135,288,292,295,395,404,647,854,871,1051,1118,1231,1489,1799,1816,1920,2062,2063,2322,2476,2709,2892,2910,3250,3267,3268,3284,3345,3346,3711,3712,4033,4313,4314,4315,4316,4317,4318,4470,4472,4497,7635,8041,9199,9200,9201,
8;0;284;373;0;1,15,16,17,18,19,20,21,22,23,24,25,26,27,29,34,35,36,37,38,39,40,41,42,43,44,45,46,48,49,50,54,60,95,135,288,292,295,395,404,647,854,871,1051,1118,1231,1489,1799,1816,1920,2062,2063,2322,2476,2709,2892,2910,3190,3345,3346,3469,3470,3471,3472,3473,3474,3475,3476,3477,3478,3479,3480,3481,3482,4313,4314,4315,4316,4317,4318,
5;0;373;398;1;1,15,16,17,18,19,20,21,22,23,24,25,26,27,29,34,35,36,37,38,39,40,41,42,43,44,45,46,48,49,50,54,60,95,135,218,288,292,295,395,404,499,533,547,647,854,871,979,1051,1118,1231,1489,1509,1596,1799,1816,1920,2062,2063,2322,2476,2709,2892,2910,3190,3345,3346,3469,3470,3471,3472,4313,4314,4315,4316,4317,4318,4452,7381,7950,
5;1;398;423;1;1,15,16,17,18,19,20,21,22,23,24,25,26,27,29,34,35,36,37,38,39,40,41,42,43,44,45,46,48,49,50,54,60,95,135,218,288,292,295,395,404,499,533,547,647,854,871,979,1051,1118,1231,1489,1509,1596,1799,1816,1920,2062,2063,2322,2476,2709,2892,2910,3190,3345,3346,3469,3470,3471,3472,4313,4314,4315,4316,4317,4318,4452,7381,7950,
END
fineshedJobsCount: 15
switchs: 159
switchsInstances: 6
unfineshedPriorityCount: 0
Final Solution: 231
Time: 1219
PTL: 0
MCMC: 294
Best Initial: 216
Mean Initial: 163.364
