./input/ExemploMod/Jobs.csv;./input/ExemploMod/ToolSets.csv
2;720;1440
Machine: 0
2;0;3;307;1;15,16,17,18,4,12,13,14,
6;0;307;871;1;15,16,17,18,19,20,4,13,
3;0;871;1385;0;15,16,17,18,19,20,4,
3;1;1385;1582;0;15,16,17,18,19,20,4,
9;0;1582;1774;1;19,4,5,1,2,3,
9;1;1774;2453;1;19,4,5,1,2,3,
8;0;2453;2880;1;19,4,5,1,2,3,
Machine: 1
1;0;3;523;0;4,5,9,10,11,13,6,7,
5;0;523;1079;1;4,5,8,9,10,11,12,13,
5;1;1079;1636;1;4,5,8,9,10,11,12,13,
4;0;1928;2562;1;4,5,8,9,10,11,12,13,
4;1;2562;2880;1;4,5,8,9,10,11,12,13,
END
Final Solution: 322
fineshedJobsCount: 12
switchs: 8
switchsInstances: 3
unfineshedPriorityCount: 0
Time: 300.019
