80 2 7 720

0 0 68 1 0,1,2,3,4,5,6,7
0 1 34 1 0,1,2,3,4,5,6,7
1 0 39 0 8,9,10,11,12,13,14,15,16,17,18,19,20,21,22,23
1 1 86 0 8,9,10,11,12,13,14,15,16,17,18,19,20,21,22,23
2 0 11 1 24,25
3 0 28 0 26,27
3 1 80 0 26,27
4 0 130 1 28,29
5 0 147 1 30,31
5 1 84 1 30,31
6 0 150 0 32,33
7 0 45 0 34,35
7 1 4 0 34,35
8 0 106 1 36,37
9 0 74 1 15,38,39,40,41,42,43,44,45,46,47,48,49,50,51,52,53,54,55,56,57,58,59,60,61,62
9 1 69 1 15,38,39,40,41,42,43,44,45,46,47,48,49,50,51,52,53,54,55,56,57,58,59,60,61,62
10 0 34 0 63,64
11 0 106 0 36,37
11 1 30 0 36,37
12 0 41 1 38,39
13 0 106 1 65,66
13 1 106 1 65,66
14 0 95 0 67,68
15 0 138 0 69,70,71,72,73,74,75,76,77,78,79,80,81,82,83,84,85,86,87,88,89,90,91,92
15 1 78 0 69,70,71,72,73,74,75,76,77,78,79,80,81,82,83,84,85,86,87,88,89,90,91,92
16 0 25 1 36,37,93,94,95,96,97,98,99,100,101,102,103,104,105
17 0 24 1 38,39,40,106,107
17 1 149 1 38,39,40,106,107
18 0 95 0 67,68
19 0 11 0 24,25
19 1 164 0 24,25
20 0 122 1 29,36,105,108,109,110,111,112,113,114,115,116,117,118,119,120,121,122,123,124,125,126,127,128,129,130,131,132,133
21 0 106 1 65,66
21 1 151 1 65,66
22 0 130 0 28,29
23 0 41 0 38,39
23 1 24 0 38,39
24 0 101 1 72,134
25 0 130 1 28,29
25 1 125 1 28,29
26 0 160 0 36,37
27 0 174 0 36,111
27 1 64 0 36,111
28 0 28 1 26,27
29 0 165 1 120,135
29 1 114 1 120,135
30 0 114 0 136,137
31 0 28 0 26,27
31 1 176 0 26,27
32 0 168 1 35,138
33 0 16 1 36,109
33 1 60 1 36,109
34 0 163 0 139,140
35 0 92 0 141,142,143,144,145,146
35 1 4 0 141,142,143,144,145,146
36 0 160 1 36,37
37 0 16 1 36,109
37 1 28 1 36,109
38 0 158 0 36,111
39 0 158 0 36,111
39 1 79 0 36,111
40 0 113 1 36,110
41 0 4 1 143,147
41 1 45 1 143,147
42 0 41 0 38,39
43 0 53 0 148,149
43 1 66 0 148,149
44 0 130 1 28,29
45 0 113 1 36,110
45 1 22 1 36,110
46 0 163 0 139,140
47 0 106 0 65,66
47 1 83 0 65,66
48 0 147 1 30,31
49 0 4 1 143,147
49 1 27 1 143,147
50 0 59 0 47,50,51,53,63,69,70,72,134,150,151,152,153,154,155,156,157,158,159,160,161,162,163,164,165,166,167,168,169,170,171,172,173,174,175,176,177
51 0 114 0 136,137
51 1 72 0 136,137
52 0 158 1 36,111
53 0 160 1 36,37
53 1 32 1 36,37
54 0 165 0 120,135
55 0 122 0 29,36,105,108,109,110,111,112,113,114,115,116,117,118,119,120,121,122,123,124,125,126,127,128,129,130,131,132,133
55 1 105 0 29,36,105,108,109,110,111,112,113,114,115,116,117,118,119,120,121,122,123,124,125,126,127,128,129,130,131,132,133
56 0 134 1 178,179
57 0 101 1 72,134
57 1 75 1 72,134
58 0 114 0 136,137
59 0 45 0 34,35
59 1 132 0 34,35
60 0 106 1 36,37
61 0 41 1 38,39
61 1 154 1 38,39
62 0 134 0 178,179
63 0 163 0 139,140
63 1 80 0 139,140
64 0 11 1 24,25
65 0 117 1 36,37,93,94,95,96
65 1 90 1 36,37,93,94,95,96
66 0 117 0 36,37,93,94,95,96
67 0 95 0 67,68
67 1 11 0 67,68
68 0 160 1 36,37
69 0 158 1 36,111
69 1 79 1 36,111
70 0 4 0 143,147
71 0 11 0 24,25
71 1 168 0 24,25
72 0 138 1 69,70,71,72,73,74,75,76,77,78,79,80,81,82,83,84,85,86,87,88,89,90,91,92
73 0 168 1 35,138
73 1 152 1 35,138
74 0 166 0 0,75,76,79,180,181,182,183,184,185,186,187,188,189,190,191,192,193,194,195,196,197,198,199,200,201,202
75 0 11 0 203,204
75 1 55 0 203,204
76 0 45 1 34,35
77 0 19 1 175,205,206,207,208,209,210,211,212,213
77 1 160 1 175,205,206,207,208,209,210,211,212,213
78 0 101 0 72,134
79 0 168 0 35,138
79 1 115 0 35,138
80 0 16 1 36,109
81 0 152 1 126,128,214,215,216,217,218,219
81 1 39 1 126,128,214,215,216,217,218,219
82 0 152 0 126,128,214,215,216,217,218,219
83 0 54 0 220,221,222,223
83 1 66 0 220,221,222,223
84 0 11 1 203,204
85 0 41 1 38,39
85 1 36 1 38,39
