80 2 7 720

0 0 68 1 0,1,2,3,4,5,6,7,8,9,10
0 1 126 1 0,1,2,3,4,5,6,7,8,9,10
1 0 39 0 11,12,13,14,15,16,17,18,19,20,21,22,23,24,25,26,27,28,29
1 1 32 0 11,12,13,14,15,16,17,18,19,20,21,22,23,24,25,26,27,28,29
2 0 11 1 30,31
3 0 28 0 32,33
3 1 112 0 32,33
4 0 130 1 34,35
5 0 147 1 36,37
5 1 176 1 36,37
6 0 150 0 38,39
7 0 45 0 40,41,42,43,44,45,46,47,48
7 1 57 0 40,41,42,43,44,45,46,47,48
8 0 106 1 49,50,51,52,53,54,55,56,57,58,59,60,61,62,63,64,65
9 0 74 1 18,66,67,68,69,70,71,72,73,74,75,76,77,78,79,80,81,82,83,84,85,86,87,88,89,90,91,92,93,94
9 1 121 1 18,66,67,68,69,70,71,72,73,74,75,76,77,78,79,80,81,82,83,84,85,86,87,88,89,90,91,92,93,94
10 0 34 0 48,95
11 0 106 0 49,50,51,52,53,54,55,56,57,58,59,60,61,62,63,64,65
11 1 8 0 49,50,51,52,53,54,55,56,57,58,59,60,61,62,63,64,65
12 0 41 1 66,67
13 0 106 1 96,97
13 1 164 1 96,97
14 0 95 0 98,99
15 0 138 0 17,100,101,102,103,104,105,106,107,108,109,110,111,112,113,114,115,116,117,118,119,120,121,122,123,124,125,126,127,128,129,130,131,132,133,134,135
15 1 119 0 17,100,101,102,103,104,105,106,107,108,109,110,111,112,113,114,115,116,117,118,119,120,121,122,123,124,125,126,127,128,129,130,131,132,133,134,135
16 0 25 1 49,50,51,52,53,54,55,56,57,58,59,60,61,62,63,136,137,138,139,140,141,142
17 0 24 1 66,67,68,69,143,144
17 1 4 1 66,67,68,69,143,144
18 0 95 0 98,99
19 0 11 0 30,31
19 1 120 0 30,31
20 0 122 1 35,49,61,62,63,141,145,146,147,148,149,150,151,152,153,154,155,156,157,158,159,160,161,162,163,164,165,166,167,168,169,170,171,172,173,174,175,176,177,178,179,180,181
21 0 106 1 96,97
21 1 41 1 96,97
22 0 130 0 34,35
23 0 41 0 66,67
23 1 88 0 66,67
24 0 101 1 103,182
25 0 130 1 34,35
25 1 161 1 34,35
26 0 160 0 49,50,51,52,53,54,55,56,57,58
27 0 174 0 49,148,152,154,155
27 1 96 0 49,148,152,154,155
28 0 28 1 32,33
29 0 165 1 157,183
29 1 148 1 157,183
30 0 114 0 184,185
31 0 28 0 32,33
31 1 154 0 32,33
32 0 168 1 41,42,186
33 0 16 1 49,61,62,63,141,146,152,154,157,165,170,171,175,187,188,189,190,191,192,193,194,195
33 1 88 1 49,61,62,63,141,146,152,154,157,165,170,171,175,187,188,189,190,191,192,193,194,195
34 0 163 0 196,197
35 0 92 0 198,199
35 1 101 0 198,199
36 0 160 1 49,50,51,52,53,54,55,56,57,58
37 0 16 1 49,61,62,63,141,146,152,154,157,165,170,171,175,187,188,189,190,191,192,193,194,195
37 1 96 1 49,61,62,63,141,146,152,154,157,165,170,171,175,187,188,189,190,191,192,193,194,195
38 0 158 0 49,148
39 0 158 0 49,148
39 1 83 0 49,148
40 0 113 1 49,147,152,154,155,158,171,175,177,187,200
41 0 4 1 201,202
41 1 45 1 201,202
42 0 41 0 66,67
43 0 53 0 203,204
43 1 11 0 203,204
44 0 130 1 34,35
45 0 113 1 49,147,152,154,155,158,171,175,177,187,200
45 1 125 1 49,147,152,154,155,158,171,175,177,187,200
46 0 163 0 196,197
47 0 106 0 96,97
47 1 64 0 96,97
48 0 147 1 36,37
49 0 4 1 201,202
49 1 156 1 201,202
50 0 59 0 46,48,75,78,79,81,100,101,103,182,205,206,207,208,209,210,211,212,213,214,215,216,217,218,219,220,221,222,223,224,225,226,227,228,229,230,231,232,233,234,235,236,237,238
51 0 114 0 184,185
51 1 36 0 184,185
52 0 158 1 49,148
53 0 160 1 49,50,51,52,53,54,55,56,57,58
53 1 129 1 49,50,51,52,53,54,55,56,57,58
54 0 165 0 157,183
55 0 122 0 35,49,61,62,63,141,145,146,147,148,149,150,151,152,153,154,155,156,157,158,159,160,161,162,163,164,165,166,167,168,169,170,171,172,173,174,175,176,177,178,179,180,181
55 1 115 0 35,49,61,62,63,141,145,146,147,148,149,150,151,152,153,154,155,156,157,158,159,160,161,162,163,164,165,166,167,168,169,170,171,172,173,174,175,176,177,178,179,180,181
56 0 134 1 239,240
57 0 101 1 103,182
57 1 29 1 103,182
58 0 114 0 184,185
59 0 45 0 40,41,42,43,44,45,46,47,48
59 1 39 0 40,41,42,43,44,45,46,47,48
60 0 106 1 49,50,51,52,53,54,55,56,57,58,59,60,61,62,63,64,65
61 0 41 1 66,67
61 1 88 1 66,67
62 0 134 0 239,240
63 0 163 0 196,197
63 1 134 0 196,197
64 0 11 1 30,31
65 0 117 1 49,50,51,52,53,54,55,56,57,58,59,60,61,62,63,241,242,243
65 1 115 1 49,50,51,52,53,54,55,56,57,58,59,60,61,62,63,241,242,243
66 0 117 0 49,50,51,52,53,54,55,56,57,58,59,60,61,62,63,241,242,243
67 0 95 0 98,99
67 1 137 0 98,99
68 0 160 1 49,50,51,52,53,54,55,56,57,58
69 0 158 1 49,148
69 1 55 1 49,148
70 0 4 0 201,202
71 0 11 0 30,31
71 1 4 0 30,31
72 0 138 1 17,100,101,102,103,104,105,106,107,108,109,110,111,112,113,114,115,116,117,118,119,120,121,122,123,124,125,126,127,128,129,130,131,132,133,134,135
73 0 168 1 41,42,186
73 1 172 1 41,42,186
74 0 166 0 0,106,107,110,244,245,246,247,248,249,250,251,252,253,254,255,256,257,258,259,260,261,262,263,264,265,266,267,268,269
75 0 11 0 171,270,271,272,273,274
75 1 61 0 171,270,271,272,273,274
76 0 45 1 40,41,42,43,44,45,46,47,48
77 0 19 1 229,275,276,277,278,279,280,281,282,283,284,285,286,287,288,289
77 1 44 1 229,275,276,277,278,279,280,281,282,283,284,285,286,287,288,289
78 0 101 0 103,182
79 0 168 0 41,42,186
79 1 66 0 41,42,186
80 0 16 1 49,61,62,63,141,146,152,154,157,165,170,171,175,187,188,189,190,191,192,193,194,195
81 0 152 1 163,165,272,290,291,292,293,294,295,296,297,298,299,300,301,302
81 1 157 1 163,165,272,290,291,292,293,294,295,296,297,298,299,300,301,302
82 0 152 0 163,165,272,290,291,292,293,294,295,296,297,298,299,300,301,302
83 0 54 0 186,263,303,304,305,306
83 1 51 0 186,263,303,304,305,306
84 0 11 1 171,270,271,272,273,274
85 0 41 1 66,67
85 1 162 1 66,67
86 0 50 0 75,110,307,308,309,310,311
87 0 54 0 186,263,303,304,305,306
87 1 22 0 186,263,303,304,305,306
88 0 113 1 49,147,152,154,155,158,171,175,177,187,200
89 0 134 1 239,240
89 1 39 1 239,240
90 0 28 0 32,33
91 0 65 0 49,50,51,52,53,54,55,56,57,58,59,60,61,62
91 1 64 0 49,50,51,52,53,54,55,56,57,58,59,60,61,62
92 0 95 1 98,99
93 0 53 1 203,204
93 1 151 1 203,204
94 0 106 0 49,50,51,52,53,54,55,56,57,58,59,60,61,62,63,64,65
95 0 147 0 36,37
95 1 30 0 36,37
96 0 89 1 312,313,314
97 0 150 1 38,39
97 1 164 1 38,39
98 0 89 0 312,313,314
99 0 92 0 198,199
99 1 66 0 198,199
100 0 95 1 98,99
101 0 17 1 315,316,317,318,319,320,321,322,323,324,325,326,327,328
101 1 100 1 315,316,317,318,319,320,321,322,323,324,325,326,327,328
102 0 134 0 239,240
103 0 41 0 66,67
103 1 174 0 66,67
104 0 92 1 198,199
105 0 89 1 312,313,314
105 1 11 1 312,313,314
106 0 95 0 98,99
107 0 114 0 184,185
107 1 172 0 184,185
108 0 152 1 163,165,272,290,291,292,293,294,295,296,297,298,299,300,301,302
109 0 163 1 196,197
109 1 101 1 196,197
110 0 101 0 103,182
111 0 134 0 239,240
111 1 158 0 239,240
112 0 150 1 38,39
113 0 92 1 198,199
113 1 66 1 198,199
114 0 39 0 11,12,13,14,15,16,17,18,19,20,21,22,23,24,25,26,27,28,29
115 0 130 0 34,35
115 1 4 0 34,35
116 0 68 1 0,1,2,3,4,5,6,7,8,9,10
117 0 11 1 30,31
117 1 161 1 30,31
118 0 61 0 4,5,41,46,224,250,263,329,330,331,332,333
119 0 147 0 36,37
119 1 72 0 36,37
120 0 4 1 201,202
121 0 178 1 200,243,316,317,334,335,336,337,338,339,340,341,342,343,344,345,346,347,348,349,350,351,352,353,354,355
121 1 137 1 200,243,316,317,334,335,336,337,338,339,340,341,342,343,344,345,346,347,348,349,350,351,352,353,354,355
122 0 150 0 38,39
123 0 163 0 196,197
123 1 114 0 196,197
124 0 150 1 38,39
125 0 174 1 49,148,152,154,155
125 1 42 1 49,148,152,154,155
126 0 24 0 66,67,68,69,143,144
127 0 34 0 48,95
127 1 41 0 48,95
128 0 41 1 66,67
129 0 53 1 203,204
129 1 131 1 203,204
130 0 53 0 18,38,110,182,307,356,357,358
131 0 130 0 34,35
131 1 132 0 34,35
132 0 95 1 98,99
133 0 168 1 359,360
133 1 120 1 359,360
134 0 74 0 18,66,67,68,69,70,71,72,73,74,75,76,77,78,79,80,81,82,83,84,85,86,87,88,89,90,91,92,93,94
135 0 166 0 0,106,107,110,244,245,246,247,248,249,250,251,252,253,254,255,256,257,258,259,260,261,262,263,264,265,266,267,268,269
135 1 99 0 0,106,107,110,244,245,246,247,248,249,250,251,252,253,254,255,256,257,258,259,260,261,262,263,264,265,266,267,268,269
136 0 24 1 66,67,68,69,143,144
137 0 165 1 157,183
137 1 89 1 157,183
138 0 4 0 201,202
