80 2 7 720

0 0 68 1 0,1
0 1 4 1 0,1
1 0 39 0 2,3
1 1 77 0 2,3
2 0 11 1 4,5
3 0 28 0 6,7
3 1 134 0 6,7
4 0 130 1 8,9
5 0 147 1 10,11
5 1 69 1 10,11
6 0 150 0 12,13
7 0 45 0 14,15
7 1 64 0 14,15
8 0 106 1 16,17
9 0 74 1 18,19,20,21,22,23,24,25
9 1 151 1 18,19,20,21,22,23,24,25
10 0 34 0 26,27
11 0 106 0 16,17
11 1 50 0 16,17
12 0 41 1 18,19
13 0 106 1 28,29
13 1 30 1 28,29
14 0 95 0 30,31
15 0 138 0 32,33,34,35,36,37,38,39,40,41,42,43,44,45,46,47,48
15 1 164 0 32,33,34,35,36,37,38,39,40,41,42,43,44,45,46,47,48
16 0 25 1 16,17
17 0 24 1 18,49
17 1 105 1 18,49
18 0 95 0 30,31
