80 2 7 720

0 0 68 1 0,1,2,3,4,5,6,7,8,9,10,11,12,13,14,15,16,17,18
0 1 77 1 0,1,2,3,4,5,6,7,8,9,10,11,12,13,14,15,16,17,18
1 0 39 0 19,20,21,22,23,24,25,26,27,28,29,30,31,32,33,34,35,36,37,38,39,40,41,42,43,44,45
1 1 134 0 19,20,21,22,23,24,25,26,27,28,29,30,31,32,33,34,35,36,37,38,39,40,41,42,43,44,45
2 0 11 1 46,47,48,49
3 0 28 0 50,51
3 1 42 0 50,51
4 0 130 1 52,53,54
5 0 147 1 55,56,57,58,59,60,61,62,63,64,65,66,67,68
5 1 86 1 55,56,57,58,59,60,61,62,63,64,65,66,67,68
6 0 150 0 26,69,70,71,72,73,74,75,76,77,78,79,80
7 0 45 0 14,18,25,26,81,82,83,84,85,86,87,88,89,90,91,92,93,94,95,96,97
7 1 104 0 14,18,25,26,81,82,83,84,85,86,87,88,89,90,91,92,93,94,95,96,97
8 0 106 1 98,99,100,101,102,103,104,105,106,107,108,109,110,111,112,113,114,115,116,117,118,119,120,121,122,123,124,125,126,127,128,129,130
9 0 74 1 12,26,131,132,133,134,135,136,137,138,139,140,141,142,143,144,145,146,147,148,149,150,151,152,153,154,155,156,157,158,159,160,161,162,163,164,165
9 1 60 1 12,26,131,132,133,134,135,136,137,138,139,140,141,142,143,144,145,146,147,148,149,150,151,152,153,154,155,156,157,158,159,160,161,162,163,164,165
10 0 34 0 26,88,166,167,168,169,170,171
11 0 106 0 98,99,100,101,102,103,104,105,106,107,108,109,110,111,112,113,114,115,116,117,118,119,120,121,122,123,124,125,126,127,128,129,130
11 1 44 0 98,99,100,101,102,103,104,105,106,107,108,109,110,111,112,113,114,115,116,117,118,119,120,121,122,123,124,125,126,127,128,129,130
12 0 41 1 131,132,172
13 0 106 1 173,174,175,176,177,178,179
13 1 77 1 173,174,175,176,177,178,179
14 0 95 0 110,180,181,182,183,184,185,186,187,188,189,190,191,192,193,194,195,196,197,198,199,200,201
15 0 138 0 25,171,202,203,204,205,206,207,208,209,210,211,212,213,214,215,216,217,218,219,220,221,222,223,224,225,226,227,228,229,230,231,232,233,234,235,236,237,238,239,240,241,242,243,244
15 1 66 0 25,171,202,203,204,205,206,207,208,209,210,211,212,213,214,215,216,217,218,219,220,221,222,223,224,225,226,227,228,229,230,231,232,233,234,235,236,237,238,239,240,241,242,243,244
16 0 25 1 98,99,100,101,102,103,104,105,106,107,108,109,110,111,112,245,246,247,248,249,250,251,252,253,254,255
17 0 24 1 26,131,132,133,134,135,137,138,140,256,257,258,259,260,261,262
17 1 161 1 26,131,132,133,134,135,137,138,140,256,257,258,259,260,261,262
18 0 95 0 110,180,181,182,183,184,185,186,187,188,189,190,191,192,193,194,195,196,197,198,199,200,201
19 0 11 0 46,47,48,49
19 1 101 0 46,47,48,49
20 0 122 1 53,98,110,111,112,119,189,250,263,264,265,266,267,268,269,270,271,272,273,274,275,276,277,278,279,280,281,282,283,284,285,286,287,288,289,290,291,292,293,294,295,296,297,298,299,300,301,302,303,304,305
21 0 106 1 173,174,175,176,177,178,179
21 1 88 1 173,174,175,176,177,178,179
22 0 130 0 52,53,54
23 0 41 0 131,132,172
23 1 62 0 131,132,172
24 0 101 1 205,212,306,307,308,309
25 0 130 1 52,53,54
25 1 110 1 52,53,54
26 0 160 0 98,99,100,101,102,103,104,105,106,107,108,109,110,111,112,123,126,296,310,311,312,313,314,315,316,317
27 0 174 0 98,111,128,189,269,271,272,294,318,319,320,321
27 1 136 0 98,111,128,189,269,271,272,294,318,319,320,321
28 0 28 1 50,51
29 0 165 1 123,274,322,323,324,325,326,327,328,329,330,331
29 1 20 1 123,274,322,323,324,325,326,327,328,329,330,331
30 0 114 0 332,333,334,335
31 0 28 0 50,51
31 1 29 0 50,51
32 0 168 1 2,4,14,82,87,89,336,337,338,339,340,341,342,343,344
33 0 16 1 98,110,111,112,115,129,250,264,269,271,274,282,287,288,292,299,345,346,347,348,349,350,351,352,353,354,355,356,357,358,359,360,361,362
33 1 49 1 98,110,111,112,115,129,250,264,269,271,274,282,287,288,292,299,345,346,347,348,349,350,351,352,353,354,355,356,357,358,359,360,361,362
34 0 163 0 111,363,364,365,366,367,368
35 0 92 0 318,369,370,371,372,373,374,375,376,377,378,379,380,381,382,383,384
35 1 44 0 318,369,370,371,372,373,374,375,376,377,378,379,380,381,382,383,384
36 0 160 1 98,99,100,101,102,103,104,105,106,107,108,109,110,111,112,123,126,296,310,311,312,313,314,315,316,317
37 0 16 1 98,110,111,112,115,129,250,264,269,271,274,282,287,288,292,299,345,346,347,348,349,350,351,352,353,354,355,356,357,358,359,360,361,362
37 1 32 1 98,110,111,112,115,129,250,264,269,271,274,282,287,288,292,299,345,346,347,348,349,350,351,352,353,354,355,356,357,358,359,360,361,362
38 0 158 0 98,110,111,112,189,268,272,275,276,282,385,386,387,388,389
39 0 158 0 98,110,111,112,189,268,272,275,276,282,385,386,387,388,389
39 1 39 0 98,110,111,112,189,268,272,275,276,282,385,386,387,388,389
40 0 113 1 98,128,180,190,265,269,271,272,275,288,292,294,299,390,391,392,393,394,395,396,397,398,399
41 0 4 1 371,400,401,402
41 1 93 1 371,400,401,402
42 0 41 0 131,132,172
43 0 53 0 403,404
43 1 164 0 403,404
44 0 130 1 52,53,54
45 0 113 1 98,128,180,190,265,269,271,272,275,288,292,294,299,390,391,392,393,394,395,396,397,398,399
45 1 78 1 98,128,180,190,265,269,271,272,275,288,292,294,299,390,391,392,393,394,395,396,397,398,399
46 0 163 0 111,363,364,365,366,367,368
47 0 106 0 173,174,175,176,177,178,179
47 1 41 0 173,174,175,176,177,178,179
48 0 147 1 55,56,57,58,59,60,61,62,63,64,65,66,67,68
49 0 4 1 371,400,401,402
49 1 160 1 371,400,401,402
50 0 59 0 18,86,88,139,142,143,145,202,203,205,259,306,405,406,407,408,409,410,411,412,413,414,415,416,417,418,419,420,421,422,423,424,425,426,427,428,429,430,431,432,433,434,435,436,437,438,439,440
51 0 114 0 332,333,334,335
51 1 150 0 332,333,334,335
52 0 158 1 98,110,111,112,189,268,272,275,276,282,385,386,387,388,389
53 0 160 1 98,99,100,101,102,103,104,105,106,107,108,109,110,111,112,123,126,296,310,311,312,313,314,315,316,317
53 1 32 1 98,99,100,101,102,103,104,105,106,107,108,109,110,111,112,123,126,296,310,311,312,313,314,315,316,317
54 0 165 0 123,274,322,323,324,325,326,327,328,329,330,331
55 0 122 0 53,98,110,111,112,119,189,250,263,264,265,266,267,268,269,270,271,272,273,274,275,276,277,278,279,280,281,282,283,284,285,286,287,288,289,290,291,292,293,294,295,296,297,298,299,300,301,302,303,304,305
55 1 89 0 53,98,110,111,112,119,189,250,263,264,265,266,267,268,269,270,271,272,273,274,275,276,277,278,279,280,281,282,283,284,285,286,287,288,289,290,291,292,293,294,295,296,297,298,299,300,301,302,303,304,305
56 0 134 1 441,442,443,444,445,446,447
57 0 101 1 205,212,306,307,308,309
57 1 174 1 205,212,306,307,308,309
58 0 114 0 332,333,334,335
59 0 45 0 14,18,25,26,81,82,83,84,85,86,87,88,89,90,91,92,93,94,95,96,97
59 1 32 0 14,18,25,26,81,82,83,84,85,86,87,88,89,90,91,92,93,94,95,96,97
60 0 106 1 98,99,100,101,102,103,104,105,106,107,108,109,110,111,112,113,114,115,116,117,118,119,120,121,122,123,124,125,126,127,128,129,130
61 0 41 1 131,132,172
61 1 91 1 131,132,172
62 0 134 0 441,442,443,444,445,446,447
63 0 163 0 111,363,364,365,366,367,368
63 1 144 0 111,363,364,365,366,367,368
64 0 11 1 46,47,48,49
65 0 117 1 98,99,100,101,102,103,104,105,106,107,108,109,110,111,112,113,114,126,128,190,448,449,450,451,452,453
65 1 89 1 98,99,100,101,102,103,104,105,106,107,108,109,110,111,112,113,114,126,128,190,448,449,450,451,452,453
66 0 117 0 98,99,100,101,102,103,104,105,106,107,108,109,110,111,112,113,114,126,128,190,448,449,450,451,452,453
67 0 95 0 110,180,181,182,183,184,185,186,187,188,189,190,191,192,193,194,195,196,197,198,199,200,201
67 1 158 0 110,180,181,182,183,184,185,186,187,188,189,190,191,192,193,194,195,196,197,198,199,200,201
68 0 160 1 98,99,100,101,102,103,104,105,106,107,108,109,110,111,112,123,126,296,310,311,312,313,314,315,316,317
69 0 158 1 98,110,111,112,189,268,272,275,276,282,385,386,387,388,389
69 1 53 1 98,110,111,112,189,268,272,275,276,282,385,386,387,388,389
70 0 4 0 371,400,401,402
71 0 11 0 46,47,48,49
71 1 48 0 46,47,48,49
72 0 138 1 25,171,202,203,204,205,206,207,208,209,210,211,212,213,214,215,216,217,218,219,220,221,222,223,224,225,226,227,228,229,230,231,232,233,234,235,236,237,238,239,240,241,242,243,244
73 0 168 1 2,4,14,82,87,89,336,337,338,339,340,341,342,343,344
73 1 62 1 2,4,14,82,87,89,336,337,338,339,340,341,342,343,344
74 0 166 0 0,15,16,89,145,202,208,209,212,232,338,454,455,456,457,458,459,460,461,462,463,464,465,466,467,468,469,470,471,472,473,474,475,476,477,478,479
75 0 11 0 53,123,282,288,323,363,480,481,482,483,484,485,486,487
75 1 110 0 53,123,282,288,323,363,480,481,482,483,484,485,486,487
76 0 45 1 14,18,25,26,81,82,83,84,85,86,87,88,89,90,91,92,93,94,95,96,97
77 0 19 1 427,488,489,490,491,492,493,494,495,496,497,498,499,500,501,502,503,504,505,506
77 1 168 1 427,488,489,490,491,492,493,494,495,496,497,498,499,500,501,502,503,504,505,506
78 0 101 0 205,212,306,307,308,309
79 0 168 0 2,4,14,82,87,89,336,337,338,339,340,341,342,343,344
79 1 61 0 2,4,14,82,87,89,336,337,338,339,340,341,342,343,344
80 0 16 1 98,110,111,112,115,129,250,264,269,271,274,282,287,288,292,299,345,346,347,348,349,350,351,352,353,354,355,356,357,358,359,360,361,362
81 0 152 1 123,251,280,282,312,366,507,508,509,510,511,512,513,514,515,516,517,518,519,520,521,522,523,524,525,526,527,528
81 1 46 1 123,251,280,282,312,366,507,508,509,510,511,512,513,514,515,516,517,518,519,520,521,522,523,524,525,526,527,528
82 0 152 0 123,251,280,282,312,366,507,508,509,510,511,512,513,514,515,516,517,518,519,520,521,522,523,524,525,526,527,528
83 0 54 0 3,4,16,25,76,231,336,529,530,531,532,533,534,535
83 1 39 0 3,4,16,25,76,231,336,529,530,531,532,533,534,535
84 0 11 1 53,123,282,288,323,363,480,481,482,483,484,485,486,487
85 0 41 1 131,132,172
85 1 175 1 131,132,172
86 0 50 0 139,212,476,535,536,537,538,539,540,541,542
87 0 54 0 3,4,16,25,76,231,336,529,530,531,532,533,534,535
87 1 34 0 3,4,16,25,76,231,336,529,530,531,532,533,534,535
88 0 113 1 98,128,180,190,265,269,271,272,275,288,292,294,299,390,391,392,393,394,395,396,397,398,399
89 0 134 1 441,442,443,444,445,446,447
89 1 136 1 441,442,443,444,445,446,447
90 0 28 0 50,51
91 0 65 0 98,99,100,101,102,103,104,105,106,107,108,109,110,111,112,128,543,544
91 1 138 0 98,99,100,101,102,103,104,105,106,107,108,109,110,111,112,128,543,544
92 0 95 1 110,180,181,182,183,184,185,186,187,188,189,190,191,192,193,194,195,196,197,198,199,200,201
93 0 53 1 403,404
93 1 33 1 403,404
94 0 106 0 98,99,100,101,102,103,104,105,106,107,108,109,110,111,112,113,114,115,116,117,118,119,120,121,122,123,124,125,126,127,128,129,130
95 0 147 0 55,56,57,58,59,60,61,62,63,64,65,66,67,68
95 1 163 0 55,56,57,58,59,60,61,62,63,64,65,66,67,68
96 0 89 1 57,58,60,545,546,547,548,549,550,551,552,553,554,555,556
97 0 150 1 26,69,70,71,72,73,74,75,76,77,78,79,80
97 1 92 1 26,69,70,71,72,73,74,75,76,77,78,79,80
98 0 89 0 57,58,60,545,546,547,548,549,550,551,552,553,554,555,556
99 0 92 0 318,369,370,371,372,373,374,375,376,377,378,379,380,381,382,383,384
99 1 37 0 318,369,370,371,372,373,374,375,376,377,378,379,380,381,382,383,384
100 0 95 1 110,180,181,182,183,184,185,186,187,188,189,190,191,192,193,194,195,196,197,198,199,200,201
101 0 17 1 381,382,383,557,558,559,560,561,562,563,564,565,566,567,568,569,570,571
101 1 6 1 381,382,383,557,558,559,560,561,562,563,564,565,566,567,568,569,570,571
102 0 134 0 441,442,443,444,445,446,447
103 0 41 0 131,132,172
103 1 124 0 131,132,172
104 0 92 1 318,369,370,371,372,373,374,375,376,377,378,379,380,381,382,383,384
105 0 89 1 57,58,60,545,546,547,548,549,550,551,552,553,554,555,556
105 1 170 1 57,58,60,545,546,547,548,549,550,551,552,553,554,555,556
106 0 95 0 110,180,181,182,183,184,185,186,187,188,189,190,191,192,193,194,195,196,197,198,199,200,201
107 0 114 0 332,333,334,335
107 1 5 0 332,333,334,335
108 0 152 1 123,251,280,282,312,366,507,508,509,510,511,512,513,514,515,516,517,518,519,520,521,522,523,524,525,526,527,528
109 0 163 1 111,363,364,365,366,367,368
109 1 168 1 111,363,364,365,366,367,368
110 0 101 0 205,212,306,307,308,309
111 0 134 0 441,442,443,444,445,446,447
111 1 46 0 441,442,443,444,445,446,447
112 0 150 1 26,69,70,71,72,73,74,75,76,77,78,79,80
113 0 92 1 318,369,370,371,372,373,374,375,376,377,378,379,380,381,382,383,384
113 1 60 1 318,369,370,371,372,373,374,375,376,377,378,379,380,381,382,383,384
114 0 39 0 19,20,21,22,23,24,25,26,27,28,29,30,31,32,33,34,35,36,37,38,39,40,41,42,43,44,45
115 0 130 0 52,53,54
115 1 112 0 52,53,54
116 0 68 1 0,1,2,3,4,5,6,7,8,9,10,11,12,13,14,15,16,17,18
117 0 11 1 46,47,48,49
117 1 33 1 46,47,48,49
118 0 61 0 4,5,14,16,86,337,422,458,572,573,574,575,576,577,578
119 0 147 0 55,56,57,58,59,60,61,62,63,64,65,66,67,68
119 1 53 0 55,56,57,58,59,60,61,62,63,64,65,66,67,68
120 0 4 1 371,400,401,402
121 0 178 1 126,127,382,390,558,579,580,581,582,583,584,585,586,587,588,589,590,591,592,593,594,595,596,597,598,599,600,601,602
121 1 39 1 126,127,382,390,558,579,580,581,582,583,584,585,586,587,588,589,590,591,592,593,594,595,596,597,598,599,600,601,602
122 0 150 0 26,69,70,71,72,73,74,75,76,77,78,79,80
123 0 163 0 111,363,364,365,366,367,368
123 1 135 0 111,363,364,365,366,367,368
124 0 150 1 26,69,70,71,72,73,74,75,76,77,78,79,80
125 0 174 1 98,111,128,189,269,271,272,294,318,319,320,321
125 1 124 1 98,111,128,189,269,271,272,294,318,319,320,321
126 0 24 0 26,131,132,133,134,135,137,138,140,256,257,258,259,260,261,262
127 0 34 0 26,88,166,167,168,169,170,171
127 1 138 0 26,88,166,167,168,169,170,171
128 0 41 1 131,132,172
129 0 53 1 403,404
129 1 141 1 403,404
130 0 53 0 26,69,89,212,306,536,603,604,605,606,607
131 0 130 0 52,53,54
131 1 39 0 52,53,54
132 0 95 1 110,180,181,182,183,184,185,186,187,188,189,190,191,192,193,194,195,196,197,198,199,200,201
133 0 168 1 608,609,610,611
133 1 98 1 608,609,610,611
134 0 74 0 12,26,131,132,133,134,135,136,137,138,139,140,141,142,143,144,145,146,147,148,149,150,151,152,153,154,155,156,157,158,159,160,161,162,163,164,165
135 0 166 0 0,15,16,89,145,202,208,209,212,232,338,454,455,456,457,458,459,460,461,462,463,464,465,466,467,468,469,470,471,472,473,474,475,476,477,478,479
135 1 101 0 0,15,16,89,145,202,208,209,212,232,338,454,455,456,457,458,459,460,461,462,463,464,465,466,467,468,469,470,471,472,473,474,475,476,477,478,479
136 0 24 1 26,131,132,133,134,135,137,138,140,256,257,258,259,260,261,262
137 0 165 1 123,274,322,323,324,325,326,327,328,329,330,331
137 1 164 1 123,274,322,323,324,325,326,327,328,329,330,331
138 0 4 0 371,400,401,402
139 0 89 0 57,58,60,545,546,547,548,549,550,551,552,553,554,555,556
139 1 168 0 57,58,60,545,546,547,548,549,550,551,552,553,554,555,556
140 0 89 1 57,58,60,545,546,547,548,549,550,551,552,553,554,555,556
141 0 74 1 12,26,131,132,133,134,135,136,137,138,139,140,141,142,143,144,145,146,147,148,149,150,151,152,153,154,155,156,157,158,159,160,161,162,163,164,165
141 1 53 1 12,26,131,132,133,134,135,136,137,138,139,140,141,142,143,144,145,146,147,148,149,150,151,152,153,154,155,156,157,158,159,160,161,162,163,164,165
142 0 165 0 123,274,322,323,324,325,326,327,328,329,330,331
143 0 92 0 318,369,370,371,372,373,374,375,376,377,378,379,380,381,382,383,384
143 1 73 0 318,369,370,371,372,373,374,375,376,377,378,379,380,381,382,383,384
144 0 4 1 371,400,401,402
145 0 101 1 205,212,306,307,308,309
145 1 140 1 205,212,306,307,308,309
146 0 34 0 26,88,166,167,168,169,170,171
147 0 34 0 26,88,166,167,168,169,170,171
147 1 77 0 26,88,166,167,168,169,170,171
148 0 54 1 3,4,16,25,76,231,336,529,530,531,532,533,534,535
149 0 92 1 318,369,370,371,372,373,374,375,376,377,378,379,380,381,382,383,384
149 1 101 1 318,369,370,371,372,373,374,375,376,377,378,379,380,381,382,383,384
150 0 122 0 53,98,110,111,112,119,189,250,263,264,265,266,267,268,269,270,271,272,273,274,275,276,277,278,279,280,281,282,283,284,285,286,287,288,289,290,291,292,293,294,295,296,297,298,299,300,301,302,303,304,305
151 0 130 0 52,53,54
151 1 158 0 52,53,54
152 0 18 1 612,613,614
153 0 50 1 139,212,476,535,536,537,538,539,540,541,542
153 1 163 1 139,212,476,535,536,537,538,539,540,541,542
154 0 168 0 2,4,14,82,87,89,336,337,338,339,340,341,342,343,344
155 0 95 0 110,180,181,182,183,184,185,186,187,188,189,190,191,192,193,194,195,196,197,198,199,200,201
155 1 73 0 110,180,181,182,183,184,185,186,187,188,189,190,191,192,193,194,195,196,197,198,199,200,201
156 0 138 1 25,171,202,203,204,205,206,207,208,209,210,211,212,213,214,215,216,217,218,219,220,221,222,223,224,225,226,227,228,229,230,231,232,233,234,235,236,237,238,239,240,241,242,243,244
157 0 53 1 26,69,89,212,306,536,603,604,605,606,607
157 1 83 1 26,69,89,212,306,536,603,604,605,606,607
158 0 54 0 3,4,16,25,76,231,336,529,530,531,532,533,534,535
159 0 152 0 123,251,280,282,312,366,507,508,509,510,511,512,513,514,515,516,517,518,519,520,521,522,523,524,525,526,527,528
159 1 137 0 123,251,280,282,312,366,507,508,509,510,511,512,513,514,515,516,517,518,519,520,521,522,523,524,525,526,527,528
160 0 4 1 371,400,401,402
161 0 61 1 4,5,14,16,86,337,422,458,572,573,574,575,576,577,578
161 1 161 1 4,5,14,16,86,337,422,458,572,573,574,575,576,577,578
162 0 19 0 427,488,489,490,491,492,493,494,495,496,497,498,499,500,501,502,503,504,505,506
163 0 74 0 12,26,131,132,133,134,135,136,137,138,139,140,141,142,143,144,145,146,147,148,149,150,151,152,153,154,155,156,157,158,159,160,161,162,163,164,165
163 1 154 0 12,26,131,132,133,134,135,136,137,138,139,140,141,142,143,144,145,146,147,148,149,150,151,152,153,154,155,156,157,158,159,160,161,162,163,164,165
164 0 168 1 2,4,14,82,87,89,336,337,338,339,340,341,342,343,344
165 0 11 1 46,47,48,49
165 1 83 1 46,47,48,49
166 0 150 0 26,69,70,71,72,73,74,75,76,77,78,79,80
167 0 160 0 98,99,100,101,102,103,104,105,106,107,108,109,110,111,112,123,126,296,310,311,312,313,314,315,316,317
167 1 172 0 98,99,100,101,102,103,104,105,106,107,108,109,110,111,112,123,126,296,310,311,312,313,314,315,316,317
168 0 19 1 427,488,489,490,491,492,493,494,495,496,497,498,499,500,501,502,503,504,505,506
169 0 89 1 57,58,60,545,546,547,548,549,550,551,552,553,554,555,556
169 1 64 1 57,58,60,545,546,547,548,549,550,551,552,553,554,555,556
170 0 122 0 53,98,110,111,112,119,189,250,263,264,265,266,267,268,269,270,271,272,273,274,275,276,277,278,279,280,281,282,283,284,285,286,287,288,289,290,291,292,293,294,295,296,297,298,299,300,301,302,303,304,305
171 0 134 0 441,442,443,444,445,446,447
171 1 157 0 441,442,443,444,445,446,447
172 0 59 1 18,86,88,139,142,143,145,202,203,205,259,306,405,406,407,408,409,410,411,412,413,414,415,416,417,418,419,420,421,422,423,424,425,426,427,428,429,430,431,432,433,434,435,436,437,438,439,440
173 0 41 1 131,132,172
173 1 39 1 131,132,172
174 0 45 0 14,18,25,26,81,82,83,84,85,86,87,88,89,90,91,92,93,94,95,96,97
175 0 39 0 19,20,21,22,23,24,25,26,27,28,29,30,31,32,33,34,35,36,37,38,39,40,41,42,43,44,45
175 1 50 0 19,20,21,22,23,24,25,26,27,28,29,30,31,32,33,34,35,36,37,38,39,40,41,42,43,44,45
176 0 4 1 371,400,401,402
177 0 134 1 441,442,443,444,445,446,447
177 1 34 1 441,442,443,444,445,446,447
178 0 59 0 18,86,88,139,142,143,145,202,203,205,259,306,405,406,407,408,409,410,411,412,413,414,415,416,417,418,419,420,421,422,423,424,425,426,427,428,429,430,431,432,433,434,435,436,437,438,439,440
179 0 138 0 25,171,202,203,204,205,206,207,208,209,210,211,212,213,214,215,216,217,218,219,220,221,222,223,224,225,226,227,228,229,230,231,232,233,234,235,236,237,238,239,240,241,242,243,244
179 1 53 0 25,171,202,203,204,205,206,207,208,209,210,211,212,213,214,215,216,217,218,219,220,221,222,223,224,225,226,227,228,229,230,231,232,233,234,235,236,237,238,239,240,241,242,243,244
180 0 89 1 57,58,60,545,546,547,548,549,550,551,552,553,554,555,556
181 0 113 1 98,128,180,190,265,269,271,272,275,288,292,294,299,390,391,392,393,394,395,396,397,398,399
181 1 106 1 98,128,180,190,265,269,271,272,275,288,292,294,299,390,391,392,393,394,395,396,397,398,399
182 0 53 0 26,69,89,212,306,536,603,604,605,606,607
183 0 4 0 26,71,73,221,615,616,617,618,619,620
183 1 74 0 26,71,73,221,615,616,617,618,619,620
184 0 147 1 55,56,57,58,59,60,61,62,63,64,65,66,67,68
185 0 168 1 2,4,14,82,87,89,336,337,338,339,340,341,342,343,344
185 1 160 1 2,4,14,82,87,89,336,337,338,339,340,341,342,343,344
186 0 54 0 3,4,16,25,76,231,336,529,530,531,532,533,534,535
187 0 174 0 98,111,128,189,269,271,272,294,318,319,320,321
187 1 20 0 98,111,128,189,269,271,272,294,318,319,320,321
188 0 114 1 332,333,334,335
189 0 53 1 26,69,89,212,306,536,603,604,605,606,607
189 1 77 1 26,69,89,212,306,536,603,604,605,606,607
190 0 166 0 0,15,16,89,145,202,208,209,212,232,338,454,455,456,457,458,459,460,461,462,463,464,465,466,467,468,469,470,471,472,473,474,475,476,477,478,479
191 0 113 0 98,128,180,190,265,269,271,272,275,288,292,294,299,390,391,392,393,394,395,396,397,398,399
191 1 75 0 98,128,180,190,265,269,271,272,275,288,292,294,299,390,391,392,393,394,395,396,397,398,399
192 0 4 1 26,71,73,221,615,616,617,618,619,620
193 0 138 1 25,171,202,203,204,205,206,207,208,209,210,211,212,213,214,215,216,217,218,219,220,221,222,223,224,225,226,227,228,229,230,231,232,233,234,235,236,237,238,239,240,241,242,243,244
193 1 173 1 25,171,202,203,204,205,206,207,208,209,210,211,212,213,214,215,216,217,218,219,220,221,222,223,224,225,226,227,228,229,230,231,232,233,234,235,236,237,238,239,240,241,242,243,244
194 0 65 0 98,99,100,101,102,103,104,105,106,107,108,109,110,111,112,128,543,544
195 0 53 0 26,69,89,212,306,536,603,604,605,606,607
195 1 115 0 26,69,89,212,306,536,603,604,605,606,607
196 0 45 1 14,18,25,26,81,82,83,84,85,86,87,88,89,90,91,92,93,94,95,96,97
197 0 117 1 98,99,100,101,102,103,104,105,106,107,108,109,110,111,112,113,114,126,128,190,448,449,450,451,452,453
197 1 151 1 98,99,100,101,102,103,104,105,106,107,108,109,110,111,112,113,114,126,128,190,448,449,450,451,452,453
198 0 4 0 371,400,401,402
199 0 95 0 110,180,181,182,183,184,185,186,187,188,189,190,191,192,193,194,195,196,197,198,199,200,201
199 1 55 0 110,180,181,182,183,184,185,186,187,188,189,190,191,192,193,194,195,196,197,198,199,200,201
200 0 158 1 98,110,111,112,189,268,272,275,276,282,385,386,387,388,389
201 0 101 1 205,212,306,307,308,309
201 1 14 1 205,212,306,307,308,309
202 0 134 0 441,442,443,444,445,446,447
203 0 134 0 441,442,443,444,445,446,447
203 1 53 0 441,442,443,444,445,446,447
204 0 89 1 57,58,60,545,546,547,548,549,550,551,552,553,554,555,556
205 0 114 1 332,333,334,335
205 1 52 1 332,333,334,335
206 0 39 0 19,20,21,22,23,24,25,26,27,28,29,30,31,32,33,34,35,36,37,38,39,40,41,42,43,44,45
207 0 74 0 12,26,131,132,133,134,135,136,137,138,139,140,141,142,143,144,145,146,147,148,149,150,151,152,153,154,155,156,157,158,159,160,161,162,163,164,165
207 1 91 0 12,26,131,132,133,134,135,136,137,138,139,140,141,142,143,144,145,146,147,148,149,150,151,152,153,154,155,156,157,158,159,160,161,162,163,164,165
208 0 101 1 205,212,306,307,308,309
209 0 89 1 57,58,60,545,546,547,548,549,550,551,552,553,554,555,556
209 1 163 1 57,58,60,545,546,547,548,549,550,551,552,553,554,555,556
210 0 147 0 55,56,57,58,59,60,61,62,63,64,65,66,67,68
211 0 19 0 427,488,489,490,491,492,493,494,495,496,497,498,499,500,501,502,503,504,505,506
211 1 172 0 427,488,489,490,491,492,493,494,495,496,497,498,499,500,501,502,503,504,505,506
212 0 114 1 332,333,334,335
213 0 106 1 98,99,100,101,102,103,104,105,106,107,108,109,110,111,112,113,114,115,116,117,118,119,120,121,122,123,124,125,126,127,128,129,130
213 1 80 1 98,99,100,101,102,103,104,105,106,107,108,109,110,111,112,113,114,115,116,117,118,119,120,121,122,123,124,125,126,127,128,129,130
214 0 50 0 139,212,476,535,536,537,538,539,540,541,542
215 0 130 0 52,53,54
215 1 47 0 52,53,54
216 0 4 1 371,400,401,402
217 0 92 1 318,369,370,371,372,373,374,375,376,377,378,379,380,381,382,383,384
217 1 160 1 318,369,370,371,372,373,374,375,376,377,378,379,380,381,382,383,384
218 0 54 0 3,4,16,25,76,231,336,529,530,531,532,533,534,535
219 0 168 0 2,4,14,82,87,89,336,337,338,339,340,341,342,343,344
219 1 16 0 2,4,14,82,87,89,336,337,338,339,340,341,342,343,344
220 0 11 1 46,47,48,49
221 0 18 1 612,613,614
221 1 158 1 612,613,614
222 0 165 0 123,274,322,323,324,325,326,327,328,329,330,331
223 0 101 0 205,212,306,307,308,309
223 1 155 0 205,212,306,307,308,309
224 0 16 1 98,110,111,112,115,129,250,264,269,271,274,282,287,288,292,299,345,346,347,348,349,350,351,352,353,354,355,356,357,358,359,360,361,362
225 0 106 1 98,99,100,101,102,103,104,105,106,107,108,109,110,111,112,113,114,115,116,117,118,119,120,121,122,123,124,125,126,127,128,129,130
225 1 157 1 98,99,100,101,102,103,104,105,106,107,108,109,110,111,112,113,114,115,116,117,118,119,120,121,122,123,124,125,126,127,128,129,130
226 0 28 0 50,51
227 0 174 0 98,111,128,189,269,271,272,294,318,319,320,321
227 1 31 0 98,111,128,189,269,271,272,294,318,319,320,321
228 0 168 1 2,87,302,343,405,407,413,418,422,427,536,621,622,623,624,625,626,627,628,629,630,631,632,633,634,635,636,637,638,639,640,641,642,643,644,645,646,647,648,649
229 0 106 1 173,174,175,176,177,178,179
229 1 152 1 173,174,175,176,177,178,179
230 0 4 0 26,71,73,221,615,616,617,618,619,620
231 0 106 0 173,174,175,176,177,178,179
231 1 60 0 173,174,175,176,177,178,179
232 0 39 1 19,20,21,22,23,24,25,26,27,28,29,30,31,32,33,34,35,36,37,38,39,40,41,42,43,44,45
233 0 168 1 2,87,302,343,405,407,413,418,422,427,536,621,622,623,624,625,626,627,628,629,630,631,632,633,634,635,636,637,638,639,640,641,642,643,644,645,646,647,648,649
233 1 128 1 2,87,302,343,405,407,413,418,422,427,536,621,622,623,624,625,626,627,628,629,630,631,632,633,634,635,636,637,638,639,640,641,642,643,644,645,646,647,648,649
234 0 101 0 205,212,306,307,308,309
235 0 19 0 427,488,489,490,491,492,493,494,495,496,497,498,499,500,501,502,503,504,505,506
235 1 16 0 427,488,489,490,491,492,493,494,495,496,497,498,499,500,501,502,503,504,505,506
236 0 178 1 126,127,382,390,558,579,580,581,582,583,584,585,586,587,588,589,590,591,592,593,594,595,596,597,598,599,600,601,602
237 0 168 1 608,609,610,611
237 1 8 1 608,609,610,611
238 0 158 0 98,110,111,112,189,268,272,275,276,282,385,386,387,388,389
239 0 53 0 403,404
239 1 96 0 403,404
240 0 152 1 123,251,280,282,312,366,507,508,509,510,511,512,513,514,515,516,517,518,519,520,521,522,523,524,525,526,527,528
241 0 122 1 53,98,110,111,112,119,189,250,263,264,265,266,267,268,269,270,271,272,273,274,275,276,277,278,279,280,281,282,283,284,285,286,287,288,289,290,291,292,293,294,295,296,297,298,299,300,301,302,303,304,305
241 1 152 1 53,98,110,111,112,119,189,250,263,264,265,266,267,268,269,270,271,272,273,274,275,276,277,278,279,280,281,282,283,284,285,286,287,288,289,290,291,292,293,294,295,296,297,298,299,300,301,302,303,304,305
242 0 117 0 98,99,100,101,102,103,104,105,106,107,108,109,110,111,112,113,114,126,128,190,448,449,450,451,452,453
243 0 168 0 2,4,14,82,87,89,336,337,338,339,340,341,342,343,344
243 1 120 0 2,4,14,82,87,89,336,337,338,339,340,341,342,343,344
244 0 59 1 18,86,88,139,142,143,145,202,203,205,259,306,405,406,407,408,409,410,411,412,413,414,415,416,417,418,419,420,421,422,423,424,425,426,427,428,429,430,431,432,433,434,435,436,437,438,439,440
245 0 17 1 381,382,383,557,558,559,560,561,562,563,564,565,566,567,568,569,570,571
245 1 36 1 381,382,383,557,558,559,560,561,562,563,564,565,566,567,568,569,570,571
246 0 41 0 131,132,172
247 0 147 0 55,56,57,58,59,60,61,62,63,64,65,66,67,68
247 1 22 0 55,56,57,58,59,60,61,62,63,64,65,66,67,68
248 0 25 1 98,99,100,101,102,103,104,105,106,107,108,109,110,111,112,245,246,247,248,249,250,251,252,253,254,255
249 0 18 1 612,613,614
249 1 69 1 612,613,614
