80 2 7 720

0 0 68 1 0,1
0 1 29 1 0,1
1 0 39 0 2,3
1 1 179 0 2,3
2 0 11 1 4,5
3 0 28 0 6,7
3 1 143 0 6,7
4 0 130 1 8,9
5 0 147 1 10,11
5 1 160 1 10,11
6 0 150 0 12,13
7 0 45 0 14,15
7 1 60 0 14,15
8 0 106 1 16,17
9 0 74 1 18,19,20,21,22,23,24,25,26,27,28,29
9 1 174 1 18,19,20,21,22,23,24,25,26,27,28,29
10 0 34 0 30,31
11 0 106 0 16,17
11 1 150 0 16,17
12 0 41 1 18,19
13 0 106 1 32,33
13 1 4 1 32,33
14 0 95 0 34,35
15 0 138 0 36,37,38,39,40,41,42,43,44,45,46,47,48,49,50,51,52,53,54,55
15 1 84 0 36,37,38,39,40,41,42,43,44,45,46,47,48,49,50,51,52,53,54,55
16 0 25 1 16,17
17 0 24 1 18,56
17 1 73 1 18,56
18 0 95 0 34,35
19 0 11 0 4,5
19 1 150 0 4,5
20 0 122 1 9,16,57,58,59,60,61,62,63,64,65,66,67,68,69,70,71,72,73,74,75,76,77,78,79,80
21 0 106 1 32,33
21 1 114 1 32,33
22 0 130 0 8,9
23 0 41 0 18,19
23 1 18 0 18,19
24 0 101 1 39,81
25 0 130 1 8,9
25 1 141 1 8,9
26 0 160 0 16,17
27 0 174 0 16,60
27 1 4 0 16,60
28 0 28 1 6,7
29 0 165 1 69,82
29 1 148 1 69,82
30 0 114 0 83,84
31 0 28 0 6,7
31 1 148 0 6,7
32 0 168 1 15,85
