80 2 7 720

0 0 68 1 0,1
0 1 139 1 0,1
1 0 39 0 2,3,4,5,6,7
1 1 165 0 2,3,4,5,6,7
2 0 11 1 8,9
3 0 28 0 10,11
3 1 29 0 10,11
4 0 130 1 12,13
5 0 147 1 14,15
5 1 46 1 14,15
6 0 150 0 16,17
7 0 45 0 18,19
7 1 152 0 18,19
8 0 106 1 20,21
9 0 74 1 22,23,24,25,26,27,28,29,30,31,32,33,34,35,36,37
9 1 34 1 22,23,24,25,26,27,28,29,30,31,32,33,34,35,36,37
10 0 34 0 38,39
11 0 106 0 20,21
11 1 41 0 20,21
12 0 41 1 22,23
13 0 106 1 40,41
13 1 37 1 40,41
14 0 95 0 42,43
15 0 138 0 44,45,46,47,48,49,50,51,52,53,54,55,56,57,58,59,60,61,62,63,64,65,66,67,68
15 1 164 0 44,45,46,47,48,49,50,51,52,53,54,55,56,57,58,59,60,61,62,63,64,65,66,67,68
16 0 25 1 20,21,69,70,71,72
17 0 24 1 22,73
17 1 168 1 22,73
18 0 95 0 42,43
19 0 11 0 8,9
19 1 53 0 8,9
20 0 122 1 13,20,74,75,76,77,78,79,80,81,82,83,84,85,86,87,88,89,90,91,92,93,94,95,96,97,98,99,100,101,102
21 0 106 1 40,41
21 1 151 1 40,41
22 0 130 0 12,13
23 0 41 0 22,23
23 1 77 0 22,23
24 0 101 1 47,103
25 0 130 1 12,13
25 1 30 1 12,13
26 0 160 0 20,21
27 0 174 0 20,77
27 1 105 0 20,77
28 0 28 1 10,11
29 0 165 1 86,104
29 1 62 1 86,104
30 0 114 0 105,106
31 0 28 0 10,11
31 1 81 0 10,11
32 0 168 1 19,107
33 0 16 1 20,75
33 1 40 1 20,75
34 0 163 0 108,109
35 0 92 0 110,111
35 1 34 0 110,111
36 0 160 1 20,21
37 0 16 1 20,75
37 1 4 1 20,75
38 0 158 0 20,77
39 0 158 0 20,77
39 1 172 0 20,77
40 0 113 1 20,76
41 0 4 1 112,113
41 1 51 1 112,113
42 0 41 0 22,23
43 0 53 0 114,115
43 1 4 0 114,115
44 0 130 1 12,13
45 0 113 1 20,76
45 1 41 1 20,76
46 0 163 0 108,109
47 0 106 0 40,41
47 1 73 0 40,41
48 0 147 1 14,15
49 0 4 1 112,113
49 1 69 1 112,113
50 0 59 0 35,36,38,45,47,103,116,117,118,119,120,121,122,123,124,125,126,127,128,129,130,131,132,133,134,135,136,137
51 0 114 0 105,106
51 1 89 0 105,106
52 0 158 1 20,77
