./input/BeezaoRaw/IPMTC-II/instanceLarge931_m=6_n=200_l=40_c=30_s=0.PMTC;
1;1440;1440
Machine: 0
128;0;0;51;1;0,2,3,4,6,7,8,9,10,11,13,16,17,19,20,22,23,24,25,26,27,28,31,32,33,34,35,36,37,39,
10;0;51;105;1;0,3,4,5,6,7,8,9,10,11,13,15,16,19,20,21,22,23,24,25,26,27,28,30,32,33,34,36,37,39,
58;0;105;111;1;0,1,3,4,5,6,7,8,10,13,15,16,19,20,21,22,23,24,25,26,27,28,30,32,33,34,36,37,38,39,
76;0;111;133;1;0,1,3,4,6,7,9,10,11,13,14,15,16,17,19,20,21,22,23,24,25,26,27,30,31,32,33,34,35,38,
48;0;133;166;1;0,1,2,3,4,6,9,10,11,13,14,15,16,17,19,20,22,23,26,28,29,30,32,33,34,35,36,37,38,39,
124;0;166;215;1;0,1,2,3,4,8,9,10,11,12,13,15,16,17,19,20,22,23,26,27,28,29,30,31,32,33,34,35,36,39,
84;0;215;263;1;0,1,2,3,4,7,8,10,11,12,13,15,16,17,19,20,22,23,26,27,28,29,30,31,32,33,34,35,36,38,
57;0;263;306;1;0,1,2,3,4,5,6,10,12,13,15,16,17,19,20,21,22,23,26,27,28,29,30,31,32,33,34,35,36,38,
191;0;306;350;1;0,1,2,3,4,5,6,12,13,15,16,17,19,20,22,23,24,25,26,27,28,29,30,31,32,33,34,35,36,38,
162;0;350;363;1;0,1,3,4,5,6,7,8,12,13,14,15,16,17,20,22,23,24,25,26,27,28,29,30,31,32,33,34,35,36,
66;0;363;388;1;0,1,3,4,5,6,7,8,10,12,13,14,16,17,20,22,23,24,25,26,27,28,29,30,31,32,34,35,36,39,
101;0;388;415;1;0,1,3,4,5,6,7,8,10,11,12,13,14,16,17,18,20,23,24,25,26,27,28,29,30,32,34,35,36,39,
68;0;415;439;1;0,1,3,6,7,8,9,10,11,12,13,14,16,17,18,19,20,23,24,25,26,27,28,29,30,32,34,35,36,37,
16;0;439;441;1;1,3,6,7,9,10,11,12,14,15,16,17,18,19,20,21,23,24,25,26,27,28,30,32,34,35,36,37,38,39,
165;0;441;444;1;1,3,4,6,7,9,10,11,12,14,16,17,18,19,20,23,24,25,26,27,28,30,31,32,33,34,35,37,38,39,
120;0;444;479;1;1,3,4,5,6,7,8,9,10,11,12,14,16,17,19,20,22,23,24,25,26,27,28,29,30,32,34,35,37,39,
170;0;479;497;1;2,4,5,6,7,8,9,10,11,12,13,14,15,16,19,20,22,23,24,25,28,29,30,31,32,34,35,36,38,39,
18;0;497;529;1;2,3,4,5,6,7,8,9,10,11,12,13,14,15,16,17,19,20,22,23,24,25,27,29,30,31,32,34,36,39,
39;0;529;559;1;2,3,4,5,6,7,8,9,11,13,14,15,16,17,19,20,22,23,24,27,28,29,30,31,32,33,34,35,36,37,
110;0;559;603;1;2,3,4,5,6,7,8,9,11,15,16,17,18,19,20,22,24,26,27,28,29,30,31,32,33,34,35,36,37,39,
7;0;603;654;1;2,3,4,5,7,8,11,12,15,16,17,18,19,20,22,23,24,26,27,28,29,30,31,32,33,34,35,36,37,39,
27;0;654;665;1;0,2,3,4,5,7,8,11,12,15,17,18,19,20,22,23,24,25,26,29,30,31,32,33,34,35,36,37,38,39,
73;0;665;690;1;0,2,3,4,5,7,8,11,12,13,15,17,18,19,20,22,23,24,25,26,29,30,31,32,33,35,36,37,38,39,
21;0;690;744;1;0,2,4,5,7,8,9,11,12,13,15,17,18,19,20,21,22,23,25,28,30,31,32,33,34,35,36,37,38,39,
82;0;744;756;1;0,1,2,4,5,6,7,8,9,11,12,13,15,17,18,19,21,22,23,25,28,30,31,32,33,34,35,37,38,39,
126;0;756;772;1;0,1,2,4,5,6,7,8,9,11,12,13,14,15,18,19,21,22,24,25,26,27,28,29,30,32,33,34,37,38,
100;0;772;797;1;0,1,2,4,5,6,7,8,10,11,12,13,14,15,18,19,21,22,24,25,26,27,28,29,30,32,33,34,35,38,
198;0;797;819;1;0,1,2,3,4,5,6,7,8,10,11,12,13,14,15,18,19,21,22,24,25,26,28,30,31,32,33,34,35,38,
106;0;819;874;1;0,1,2,3,4,5,6,7,8,10,11,12,13,14,15,18,19,21,23,24,25,26,28,30,31,32,33,34,35,38,
98;0;874;889;1;0,1,2,3,4,5,6,7,8,9,11,12,13,14,15,16,19,21,23,24,26,28,30,31,32,33,34,35,38,39,
31;0;889;896;1;0,1,2,3,5,6,7,8,9,11,12,13,14,15,16,17,19,21,23,24,26,28,29,30,31,33,34,35,38,39,
102;0;896;939;1;0,1,2,3,5,6,7,8,9,11,12,13,14,15,16,17,19,21,23,24,25,28,29,30,31,33,34,35,38,39,
19;0;939;981;1;0,1,2,3,5,6,7,9,11,12,13,14,15,16,17,18,19,21,22,23,25,28,29,30,31,33,34,35,38,39,
137;0;981;1023;1;0,1,2,3,5,6,7,9,11,12,13,14,15,16,17,18,19,21,23,25,28,29,30,31,33,34,35,37,38,39,
Machine: 1
112;0;0;11;1;1,2,3,4,6,7,9,10,11,12,13,14,16,18,21,22,25,26,27,28,29,30,31,32,33,34,35,37,38,39,
142;0;11;62;1;1,2,4,5,6,7,9,10,11,12,13,14,16,18,19,20,21,22,24,25,26,28,29,31,34,35,36,37,38,39,
107;0;62;92;1;0,1,4,5,6,7,8,9,12,13,14,15,16,18,19,20,21,24,25,26,28,30,31,33,34,35,36,37,38,39,
25;0;92;127;1;0,2,4,5,6,7,8,9,12,13,14,15,16,19,20,21,24,25,26,28,29,30,31,33,34,35,36,37,38,39,
32;0;127;152;1;0,2,3,4,5,6,7,8,9,12,13,14,15,16,19,20,21,23,24,25,26,28,29,31,33,34,35,37,38,39,
197;0;152;178;1;0,1,2,3,4,5,6,7,8,9,12,13,14,15,16,19,21,23,24,25,26,28,29,31,33,34,35,37,38,39,
150;0;178;212;1;0,1,2,3,4,5,6,7,8,12,13,14,15,16,19,21,23,24,25,26,28,29,30,31,33,34,35,36,37,38,
33;0;212;261;1;0,1,2,3,4,5,6,7,8,10,12,13,14,15,16,18,19,23,24,25,26,28,29,30,31,33,34,35,36,37,
134;0;261;317;1;0,1,2,3,4,5,6,7,8,10,12,13,14,15,16,19,22,23,24,25,27,29,30,31,33,34,35,36,37,39,
156;0;317;372;1;0,1,2,3,4,5,6,7,8,10,12,13,14,15,16,17,20,22,23,24,25,27,29,30,31,34,35,36,37,39,
189;0;372;418;1;0,1,2,3,4,5,6,7,8,10,11,12,13,14,15,16,17,19,20,21,22,23,24,27,30,31,34,36,37,39,
97;0;418;450;1;0,1,2,3,4,5,6,7,8,10,11,12,13,14,15,16,17,19,21,22,23,24,27,30,31,32,34,36,37,38,
182;0;450;493;1;0,1,3,5,6,7,8,9,10,11,13,14,15,16,17,18,19,21,22,24,27,28,29,31,32,34,36,37,38,39,
118;0;493;549;1;1,3,5,6,7,8,9,11,13,14,15,16,18,19,20,21,22,24,25,27,28,29,31,32,33,34,35,36,38,39,
111;0;549;603;1;1,3,4,5,6,7,8,9,11,13,14,15,16,18,19,20,21,22,25,27,28,29,31,32,33,34,35,36,37,38,
130;0;603;645;1;1,3,4,5,6,7,8,9,10,11,13,14,15,18,19,20,21,22,25,27,28,29,30,31,32,33,34,35,36,38,
121;0;645;675;1;1,2,3,4,5,7,8,9,10,11,13,15,18,19,20,21,22,25,27,28,29,30,31,32,33,34,35,36,38,39,
185;0;675;696;1;0,1,2,3,4,5,7,8,9,10,11,12,13,15,18,19,20,21,25,27,28,29,30,32,33,34,35,36,38,39,
26;0;696;744;1;0,1,2,3,4,5,7,8,9,10,11,12,14,15,17,18,19,20,21,24,25,27,28,30,32,33,34,35,36,39,
168;0;744;775;1;0,1,2,4,5,7,8,9,10,11,14,15,16,17,18,19,20,21,22,23,24,25,27,28,30,33,34,35,36,39,
89;0;775;802;1;0,1,2,4,5,7,8,9,10,11,15,16,17,18,19,20,21,22,23,24,25,27,28,29,30,31,33,35,36,39,
141;0;802;814;1;0,1,2,4,5,8,9,10,11,15,16,17,18,19,20,21,22,23,24,25,26,27,28,29,30,31,33,35,36,39,
103;0;814;855;1;0,1,2,3,4,5,8,9,10,11,12,13,14,15,16,17,18,19,20,21,22,23,24,25,26,29,31,33,37,39,
132;0;855;879;1;0,1,2,3,4,5,8,9,10,11,13,15,16,17,18,19,20,21,22,23,24,25,26,28,29,31,32,33,36,39,
163;0;879;888;1;0,1,2,3,4,5,6,8,9,10,11,13,16,17,19,20,21,22,24,25,26,28,29,31,32,33,34,36,38,39,
24;0;888;926;1;0,1,2,3,4,5,6,8,9,10,11,13,16,17,19,20,21,22,24,25,26,27,28,31,33,34,35,36,37,38,
136;0;926;966;1;0,1,2,3,4,5,6,8,9,10,11,12,13,14,16,17,19,20,21,22,24,25,26,27,28,31,33,34,36,37,
190;0;966;1002;1;0,1,2,4,5,6,8,9,10,11,12,15,16,17,18,19,20,21,22,23,24,25,27,29,30,31,33,34,36,37,
127;0;1002;1052;1;0,1,2,4,5,6,7,8,9,10,11,12,15,16,17,18,20,21,22,23,24,25,27,29,30,32,33,34,36,37,
139;0;1052;1079;1;0,1,2,4,5,6,7,8,9,10,11,12,15,16,17,18,20,21,22,23,25,26,28,29,30,32,33,34,36,37,
125;0;1079;1120;1;0,1,2,3,4,5,6,7,8,9,10,11,12,14,16,17,18,20,21,22,24,25,26,27,29,30,33,34,36,39,
47;0;1120;1152;1;0,1,2,3,4,6,7,8,9,11,12,14,16,17,18,20,21,22,25,26,27,29,30,32,33,34,35,37,38,39,
83;0;1152;1194;1;1,2,3,4,5,6,7,8,9,11,12,13,14,17,18,19,20,21,22,25,26,27,30,31,32,34,35,37,38,39,
52;0;1194;1224;1;1,2,3,4,5,6,7,8,9,11,12,13,14,15,17,18,19,20,21,22,25,26,27,30,31,32,34,37,38,39,
Machine: 2
145;0;0;33;1;0,1,2,3,4,6,8,9,10,12,14,15,16,17,18,20,22,23,25,26,29,30,31,32,33,34,35,37,38,39,
20;0;33;49;1;0,1,2,3,4,6,8,9,10,12,14,15,16,17,18,20,22,23,25,26,29,30,31,32,33,34,35,37,38,39,
115;0;49;74;1;0,1,2,3,4,5,7,8,9,10,11,12,14,16,17,18,19,20,22,23,25,29,31,32,33,34,35,36,37,38,
55;0;74;87;1;0,1,2,3,4,5,8,9,10,11,12,14,16,17,18,19,20,21,23,25,26,27,29,31,32,33,35,36,37,38,
192;0;87;144;1;0,1,2,3,4,6,8,9,10,11,12,14,15,16,17,18,20,21,23,26,27,29,30,31,32,33,35,36,37,38,
54;0;144;163;1;0,1,2,3,6,8,9,10,11,12,14,15,16,17,18,20,21,23,26,27,28,30,31,32,33,35,36,37,38,39,
81;0;163;204;1;0,2,3,5,6,7,8,10,11,12,14,15,17,18,20,21,23,25,26,27,28,30,31,32,34,35,36,37,38,39,
108;0;204;254;1;0,3,5,6,7,8,10,11,12,15,17,18,19,20,21,22,23,25,26,27,28,30,31,32,34,35,36,37,38,39,
41;0;254;291;1;0,1,3,4,5,6,7,8,10,11,12,14,17,18,19,20,22,23,25,27,28,30,31,32,33,35,36,37,38,39,
143;0;291;304;1;1,3,4,5,6,7,8,10,11,12,13,14,17,18,19,20,23,24,25,27,28,30,31,32,33,35,36,37,38,39,
12;0;304;354;1;1,3,4,5,6,7,8,9,10,12,13,14,17,18,19,20,21,23,24,25,26,27,28,30,31,33,34,37,38,39,
193;0;354;364;1;1,2,3,4,5,6,7,8,12,13,14,15,17,18,19,20,21,23,25,26,27,28,29,30,31,33,34,37,38,39,
171;0;364;366;1;0,1,2,3,4,5,6,7,8,11,12,13,14,17,18,20,21,22,23,25,26,27,28,29,30,33,34,35,37,38,
133;0;366;403;1;0,1,2,3,4,5,6,7,8,11,12,13,14,17,18,20,21,22,23,25,26,27,28,29,30,33,34,35,37,38,
116;0;403;448;1;0,1,2,3,4,5,6,7,8,9,11,12,13,14,17,21,22,23,25,26,27,28,29,30,33,34,35,36,37,38,
146;0;448;464;1;0,1,3,4,5,6,7,8,9,10,11,12,13,14,17,21,22,23,25,26,27,28,29,30,32,33,34,35,36,38,
30;0;464;507;1;0,1,3,4,5,6,8,9,10,11,12,13,14,15,17,21,22,23,25,26,27,29,30,31,32,33,34,35,36,38,
0;0;507;566;1;0,1,3,4,5,6,8,9,10,12,13,14,15,17,18,19,20,22,23,25,26,27,29,30,31,32,35,36,38,39,
159;0;566;597;1;0,1,3,4,5,6,8,9,10,12,13,14,15,17,18,22,23,26,27,28,29,30,31,32,33,34,35,36,38,39,
179;0;597;610;1;0,1,2,3,4,5,6,7,8,9,10,12,13,14,17,18,22,23,26,27,28,29,30,31,32,33,34,35,36,38,
35;0;610;669;1;1,2,3,4,5,6,7,8,9,10,11,12,13,14,18,22,23,24,26,27,28,29,30,31,32,34,35,36,37,38,
96;0;669;717;1;2,3,4,5,6,7,8,9,10,11,12,13,14,15,18,22,23,24,26,27,28,29,30,31,32,34,35,36,37,38,
11;0;717;718;1;2,4,5,6,7,8,10,12,13,15,18,19,20,21,22,23,24,26,27,28,29,30,31,32,34,35,36,37,38,39,
99;0;718;768;1;0,2,4,5,6,7,8,10,11,12,13,14,15,18,19,20,21,22,23,24,27,28,29,30,31,35,36,37,38,39,
79;0;768;825;1;0,1,2,4,5,6,7,8,10,11,12,13,14,17,18,19,20,21,22,24,27,28,29,30,31,35,36,37,38,39,
194;0;825;848;1;0,1,3,4,5,6,7,8,10,11,12,13,14,17,18,19,21,22,24,27,28,29,30,31,32,35,36,37,38,39,
167;0;848;858;1;0,1,3,4,5,6,7,10,11,12,13,14,16,17,18,19,21,22,24,25,27,28,30,31,32,34,35,36,37,39,
94;0;858;902;1;0,1,3,4,6,7,9,10,11,12,13,14,16,17,18,19,21,22,24,25,27,28,30,31,32,33,34,36,38,39,
77;0;902;958;1;0,1,3,4,6,7,9,10,11,12,13,15,16,17,20,22,24,25,27,28,29,30,31,32,33,34,35,36,38,39,
151;0;958;1013;1;0,1,3,4,5,7,10,11,12,13,15,16,17,19,20,22,24,25,28,29,30,31,32,33,34,35,36,37,38,39,
34;0;1013;1065;1;0,1,3,4,5,7,10,11,12,13,16,17,19,20,21,22,24,25,28,29,30,31,32,33,34,35,36,37,38,39,
123;0;1065;1088;1;0,1,2,3,4,5,7,10,11,12,13,16,17,19,20,21,22,23,24,25,28,29,31,32,33,34,35,36,37,38,
59;0;1088;1133;1;0,1,2,3,4,5,6,7,9,10,11,15,17,19,20,21,23,24,25,28,29,31,32,33,34,35,36,37,38,39,
Machine: 3
117;0;0;1;1;2,3,4,6,8,9,10,11,12,14,15,17,18,21,22,23,24,26,27,28,29,30,32,33,34,35,36,37,38,39,
29;0;1;20;1;2,3,4,6,8,9,10,11,12,14,15,17,18,21,22,23,24,26,27,28,29,30,32,33,34,35,36,37,38,39,
45;0;20;46;1;1,2,3,6,8,9,10,12,13,14,15,16,18,21,22,23,24,26,27,28,29,30,31,32,34,35,36,37,38,39,
169;0;46;100;1;0,1,2,3,5,6,9,10,12,13,14,15,16,18,21,22,23,24,25,26,27,29,30,31,34,35,36,37,38,39,
74;0;100;139;1;0,1,2,3,5,6,7,9,10,12,13,14,15,16,18,21,22,23,24,25,26,27,29,30,31,34,35,36,37,39,
129;0;139;185;1;0,1,2,3,5,6,7,9,10,12,13,14,15,16,18,19,21,22,23,25,26,27,29,30,31,34,35,36,37,39,
51;0;185;210;1;0,1,2,3,5,6,7,9,10,11,12,13,14,15,16,18,19,21,22,25,26,27,30,31,33,34,35,36,37,39,
90;0;210;226;1;0,1,2,3,5,6,7,9,10,12,13,14,15,16,18,21,22,25,26,27,28,30,31,33,34,35,36,37,38,39,
113;0;226;247;1;0,1,3,5,6,7,8,9,10,12,13,15,16,17,18,22,25,26,27,28,29,30,31,33,34,35,36,37,38,39,
75;0;247;299;1;0,1,3,5,6,8,9,10,13,15,16,17,18,19,21,23,25,26,27,28,30,31,32,33,34,35,36,37,38,39,
46;0;299;318;1;0,1,2,3,6,8,9,10,13,15,16,17,18,19,21,23,24,25,26,27,30,31,32,33,34,35,36,37,38,39,
92;0;318;352;1;0,1,2,3,4,6,7,8,10,14,15,16,17,18,19,20,21,23,24,25,26,27,29,30,31,32,34,37,38,39,
72;0;352;354;1;0,1,2,3,4,6,7,8,10,14,15,16,17,18,19,20,21,22,23,24,26,27,29,30,31,32,34,37,38,39,
178;0;354;394;1;0,1,2,3,4,5,6,7,8,10,11,12,14,15,16,17,18,19,20,21,22,23,24,26,27,29,30,32,37,39,
87;0;394;432;1;0,2,3,4,5,6,7,8,10,11,14,15,16,18,19,20,21,22,23,24,25,26,27,28,30,32,34,35,38,39,
69;0;432;451;1;0,2,3,5,6,7,8,9,10,11,14,15,16,18,19,20,21,22,23,24,26,27,28,30,32,33,34,35,36,39,
78;0;451;503;1;0,2,3,5,7,8,9,10,11,14,15,16,18,19,20,21,22,23,24,26,27,28,30,31,32,34,35,36,37,39,
1;0;503;544;1;0,1,2,3,5,7,8,9,11,12,13,15,16,17,18,19,20,21,23,24,26,27,28,30,31,34,35,36,37,39,
44;0;544;571;1;0,1,2,3,5,7,8,9,11,12,13,15,16,17,18,19,20,21,23,24,26,27,28,30,31,34,35,36,37,39,
61;0;571;626;1;0,1,2,3,4,5,7,8,9,13,14,15,17,18,19,20,21,22,23,24,26,27,28,30,31,34,35,36,37,39,
38;0;626;677;1;0,1,2,3,4,5,7,8,9,10,13,14,15,17,18,19,20,21,22,23,24,25,26,27,30,34,35,36,37,39,
67;0;677;710;1;0,1,2,3,4,5,7,8,9,10,13,14,15,17,18,19,20,22,23,24,25,26,27,30,32,34,35,36,37,39,
70;0;710;727;1;0,1,2,4,7,8,9,10,11,12,13,14,15,17,18,19,20,22,23,24,26,27,30,32,33,35,36,37,38,39,
195;0;727;777;1;0,1,2,4,6,7,8,9,10,12,13,14,15,16,17,18,19,20,22,24,26,27,29,30,32,33,36,37,38,39,
53;0;777;807;1;0,1,2,4,6,7,8,10,12,13,14,15,16,17,18,19,20,22,24,26,27,29,30,32,33,34,35,37,38,39,
138;0;807;819;1;0,1,2,3,4,6,7,8,10,11,12,13,14,15,16,18,19,20,22,24,26,27,30,31,32,33,34,35,38,39,
9;0;819;840;1;0,1,2,3,6,7,8,10,11,12,13,14,15,16,18,19,20,22,23,24,26,27,30,31,32,33,34,35,38,39,
28;0;840;874;1;0,1,2,3,6,7,8,9,10,11,12,13,14,15,16,18,19,20,22,23,24,26,27,30,32,33,34,35,38,39,
114;0;874;890;1;0,1,3,5,6,7,8,9,10,11,12,13,14,15,16,18,19,20,22,23,24,26,27,30,33,34,35,37,38,39,
104;0;890;927;1;1,2,3,4,5,6,8,9,10,11,12,13,14,15,16,18,20,21,22,24,26,29,31,33,34,35,36,37,38,39,
3;0;927;962;1;1,2,3,4,5,6,7,8,9,10,12,13,14,15,18,19,20,21,22,23,24,26,28,29,32,33,35,36,37,39,
36;0;962;1002;1;0,1,2,3,4,5,7,8,9,10,12,14,15,17,18,19,20,21,22,23,24,26,27,28,29,30,32,33,35,37,
172;0;1002;1042;1;0,3,5,7,8,9,10,12,14,15,17,18,20,21,22,23,24,25,26,27,28,29,31,32,33,35,36,37,38,39,
Machine: 4
196;0;0;50;1;0,2,3,5,6,8,9,10,11,12,13,14,15,16,17,18,20,21,22,23,25,27,28,29,31,34,35,37,38,39,
157;0;50;85;1;0,2,3,6,8,10,11,12,13,14,15,16,17,18,19,20,22,23,24,25,27,28,29,30,31,34,35,37,38,39,
14;0;85;128;1;0,1,2,4,6,10,11,12,13,14,15,16,17,19,20,22,23,24,25,27,28,29,30,31,33,34,35,37,38,39,
85;0;128;173;1;1,2,4,6,7,9,11,12,13,14,16,19,20,22,23,24,25,26,27,28,29,30,31,32,34,35,36,37,38,39,
174;0;173;202;1;1,2,4,5,6,7,9,11,12,13,14,16,18,19,20,22,23,24,25,26,27,28,30,31,32,34,35,36,37,38,
13;0;202;250;1;2,4,5,6,9,10,11,12,13,14,15,16,18,19,20,21,22,23,24,25,26,27,28,30,31,33,34,35,37,38,
147;0;250;306;1;4,5,6,9,10,11,12,13,14,16,18,19,20,21,22,23,24,25,26,27,28,29,30,31,33,34,35,37,38,39,
50;0;306;321;1;1,3,4,5,6,7,9,10,11,12,13,14,16,18,19,20,21,23,25,27,28,29,30,32,33,34,35,37,38,39,
149;0;321;374;1;1,3,4,5,6,7,9,10,11,12,13,14,16,18,19,20,21,23,27,28,29,30,32,33,34,35,36,37,38,39,
148;0;374;428;1;1,3,4,5,7,9,10,11,12,13,14,18,19,20,21,22,23,26,27,28,29,30,31,32,33,34,35,36,37,39,
164;0;428;442;1;1,3,4,5,7,8,9,10,12,13,14,15,18,19,20,21,22,23,26,27,28,30,31,32,33,34,35,36,37,39,
6;0;442;496;1;0,1,3,4,5,6,7,8,9,10,12,13,14,15,16,18,19,20,21,22,26,27,30,32,33,34,35,36,37,39,
183;0;496;508;1;0,1,3,4,5,7,8,9,10,11,12,13,14,15,16,17,19,20,21,22,23,26,29,30,32,33,34,35,36,37,
93;0;508;510;1;0,1,2,3,4,5,7,8,9,11,12,13,14,15,16,17,19,20,21,22,23,26,29,30,32,33,34,35,37,38,
23;0;510;560;1;0,1,2,3,4,5,7,11,12,13,14,15,16,17,19,20,21,22,23,24,26,29,30,31,32,33,34,35,37,39,
17;0;560;583;1;0,1,2,3,4,5,7,11,12,13,14,15,16,17,18,19,20,21,22,23,24,29,30,31,32,33,34,36,37,39,
175;0;583;612;1;0,1,2,3,5,7,11,12,13,14,15,16,17,18,19,20,21,22,23,24,27,29,30,31,32,33,34,36,37,39,
49;0;612;632;1;0,1,2,5,7,10,11,13,14,15,16,17,18,20,21,22,23,24,26,27,28,29,32,33,34,35,36,37,38,39,
71;0;632;683;1;0,1,2,3,5,7,10,11,13,14,15,16,17,18,20,21,23,24,26,27,28,29,30,32,33,34,36,37,38,39,
2;0;683;686;1;0,1,2,3,4,6,7,10,11,13,14,15,16,17,18,20,21,23,24,26,27,28,29,30,33,34,36,37,38,39,
63;0;686;709;1;0,1,3,4,6,10,11,12,13,14,15,16,17,18,19,20,23,24,25,26,27,28,29,30,31,33,36,37,38,39,
161;0;709;761;1;0,1,3,4,6,11,12,13,14,15,16,17,18,19,20,22,23,24,25,26,27,28,29,30,31,33,36,37,38,39,
135;0;761;800;1;0,1,2,3,4,6,11,12,13,14,15,17,18,19,20,22,23,24,25,26,27,28,29,30,31,33,35,37,38,39,
22;0;800;856;1;0,1,2,3,4,6,11,12,13,14,15,18,19,20,21,22,23,24,25,26,28,29,30,31,32,33,35,37,38,39,
144;0;856;903;1;0,1,3,5,6,7,8,11,12,13,14,15,18,19,20,21,22,23,24,25,26,28,29,30,31,32,35,37,38,39,
65;0;903;947;1;1,3,5,6,7,8,11,12,13,14,15,18,19,20,22,23,24,25,26,28,29,30,31,32,34,35,36,37,38,39,
64;0;947;979;1;1,2,3,5,6,7,8,12,14,15,16,17,18,19,20,22,23,24,25,26,28,29,30,31,32,34,35,36,38,39,
158;0;979;984;1;1,2,3,5,6,7,8,9,14,15,16,17,18,19,20,22,23,24,25,28,29,30,31,32,33,34,35,36,38,39,
56;0;984;1013;1;1,2,3,5,6,7,9,10,11,14,15,16,17,18,19,20,23,24,25,28,29,30,31,32,34,35,36,37,38,39,
153;0;1013;1015;1;1,2,3,5,6,7,9,10,11,15,16,17,18,19,20,21,23,24,25,26,27,28,29,30,31,34,36,37,38,39,
109;0;1015;1018;1;0,2,3,5,6,7,9,10,11,13,16,17,18,19,20,21,23,24,25,26,27,28,29,30,31,34,36,37,38,39,
181;0;1018;1070;1;0,2,3,4,5,6,7,9,10,11,13,14,17,18,19,20,21,23,24,25,26,27,28,29,30,31,36,37,38,39,
122;0;1070;1073;1;0,2,3,4,5,6,7,8,9,10,11,13,14,17,18,19,20,21,23,24,25,26,27,28,30,31,35,36,37,39,
Machine: 5
105;0;0;47;1;0,2,4,7,11,12,13,14,15,16,17,18,19,21,22,23,24,26,27,28,29,30,31,32,33,34,35,36,38,39,
160;0;47;71;1;0,1,2,3,4,7,9,10,12,13,14,16,17,18,21,22,23,24,26,27,28,29,30,31,32,34,35,36,38,39,
180;0;71;74;1;0,1,2,3,4,6,7,9,10,12,14,16,17,18,20,21,22,23,24,25,26,27,28,29,31,32,34,37,38,39,
187;0;74;108;1;0,1,2,3,4,5,6,7,9,10,12,14,16,17,18,19,20,21,22,23,24,25,27,28,29,31,32,34,36,38,
8;0;108;166;1;0,1,2,3,4,5,7,8,9,10,11,12,14,15,16,19,21,22,23,25,26,27,28,31,32,34,36,37,38,39,
62;0;166;186;1;1,2,3,4,5,7,8,11,12,13,14,15,16,19,21,22,23,24,25,26,27,28,29,31,32,34,36,37,38,39,
177;0;186;245;1;1,3,4,5,6,8,11,13,14,15,16,17,19,20,21,22,23,24,25,26,27,28,29,31,32,33,34,36,37,39,
173;0;245;268;1;0,1,3,4,5,6,8,10,11,13,14,16,17,18,19,21,22,23,24,26,27,28,29,30,31,32,33,34,36,39,
155;0;268;312;1;0,3,4,5,6,8,9,10,11,12,13,14,16,17,18,19,21,22,23,24,26,27,28,29,30,31,32,34,38,39,
140;0;312;324;1;0,2,3,4,5,6,7,8,9,10,11,12,13,16,17,18,19,21,22,23,24,26,27,28,29,30,31,32,34,38,
42;0;324;334;1;0,2,4,5,6,7,8,9,10,11,12,13,16,17,18,19,21,22,23,24,26,27,28,29,30,31,32,33,34,38,
5;0;334;383;1;0,1,2,5,6,7,8,9,10,11,12,13,16,17,18,19,21,22,23,25,26,27,28,29,30,31,32,33,34,35,
131;0;383;429;1;0,1,2,5,6,8,9,10,11,12,13,16,17,18,19,21,22,23,25,26,27,29,30,31,32,33,34,35,36,38,
95;0;429;463;1;0,5,6,8,9,10,11,12,13,14,15,17,18,19,21,22,23,25,26,27,29,30,31,32,33,35,36,37,38,39,
176;0;463;464;1;0,3,4,6,8,9,10,11,12,13,14,15,17,18,19,20,21,22,23,25,26,27,30,31,34,35,36,37,38,39,
60;0;464;495;1;0,1,3,4,6,8,9,10,11,12,13,14,15,16,17,18,19,20,21,23,25,26,27,30,31,34,35,36,38,39,
152;0;495;504;1;0,1,3,6,8,9,10,11,12,13,14,15,16,17,18,19,20,21,23,24,25,26,27,30,31,32,34,35,38,39,
4;0;504;510;1;0,1,2,3,5,7,8,10,11,12,13,14,16,17,18,19,20,21,22,23,24,25,26,30,31,32,34,35,38,39,
91;0;510;519;1;0,1,2,7,8,10,11,12,13,14,16,17,19,20,21,22,23,24,25,26,28,29,30,31,32,33,34,35,36,38,
119;0;519;537;1;0,1,2,7,8,9,10,11,12,13,14,16,17,19,20,22,23,24,25,26,28,29,30,31,32,33,34,35,36,38,
15;0;537;583;1;0,1,2,6,7,8,9,10,11,12,13,14,16,17,20,22,23,24,25,26,27,28,29,31,32,33,34,35,36,38,
43;0;583;592;1;0,1,2,5,6,7,8,9,10,11,13,14,16,17,20,22,23,25,26,27,28,31,32,33,34,35,36,37,38,39,
86;0;592;599;1;0,1,2,3,5,6,7,8,9,10,11,13,15,16,17,20,23,25,26,28,30,31,32,33,34,35,36,37,38,39,
184;0;599;603;1;0,1,2,4,5,6,8,9,10,11,13,15,16,17,18,19,20,23,25,28,29,30,31,32,34,35,36,37,38,39,
166;0;603;610;1;1,2,4,5,6,8,9,10,11,12,13,16,17,18,19,20,21,23,25,28,29,30,31,32,33,34,35,36,37,38,
88;0;610;645;1;1,2,4,5,6,8,9,10,11,12,13,14,16,17,18,19,21,22,23,27,28,29,30,31,32,34,35,36,37,38,
80;0;645;694;1;1,2,4,5,6,8,9,10,11,12,13,14,15,16,17,18,19,21,22,23,24,27,28,29,30,32,34,36,37,38,
40;0;694;730;1;1,2,4,5,6,8,9,10,11,13,14,17,18,19,21,23,24,25,26,27,28,29,30,31,32,33,34,36,37,38,
186;0;730;785;1;1,2,3,4,5,6,8,9,11,12,13,14,15,16,18,19,21,22,24,25,27,28,29,30,31,32,33,34,36,37,
37;0;785;835;1;1,2,3,4,5,6,7,8,9,11,12,13,14,15,16,18,19,22,24,25,27,28,29,30,31,32,33,35,36,37,
154;0;835;861;1;1,2,3,4,5,6,7,8,9,11,12,13,14,15,18,19,23,24,25,27,28,29,30,31,32,33,35,36,37,39,
188;0;861;916;1;1,2,3,4,5,6,7,8,9,12,13,14,15,19,20,23,24,25,27,28,29,30,31,32,33,35,36,37,38,39,
199;0;916;939;1;0,1,2,3,4,5,6,7,8,9,12,13,14,15,19,20,23,24,25,26,27,28,29,30,31,32,33,36,37,39,
END
fineshedJobsCount: 200
switchs: 545
switchsInstances: 190
unfineshedPriorityCount: 0
totalUnfineshed: 0
criticalMachineSwitchs: 94
criticalMachineTime: 1224
Final Solution: -545
Time: 8388
PTL: 198
MCMC: 33
Best Initial: -886
Mean Initial: -920.818
