./input/BeezaoRaw/IPMTC-II/instanceLarge947_m=6_n=200_l=40_c=30_s=1.PMTC;
1935;1935;1440
Machine: 0
110;0;0;19;1;2,3,4,5,6,7,8,9,11,15,16,17,18,19,20,22,24,26,27,28,29,30,31,32,33,34,35,36,37,39,
39;0;19;32;1;2,4,6,7,8,9,11,13,14,15,16,17,18,19,22,23,24,26,27,28,29,30,31,32,33,34,35,36,37,39,
105;0;32;84;1;0,2,4,7,11,12,13,14,15,16,17,18,19,21,22,23,24,26,27,28,29,30,31,32,33,34,35,36,38,39,
179;0;84;115;1;0,2,3,4,5,6,7,12,13,14,15,17,18,19,21,22,23,24,26,27,28,29,30,31,32,33,34,35,36,38,
11;0;115;135;1;2,4,5,6,7,8,10,12,13,15,18,19,20,21,22,23,24,26,27,28,29,30,31,32,34,35,36,37,38,39,
3;0;135;191;1;2,3,4,5,6,7,8,9,10,12,13,14,15,19,20,21,22,23,24,26,27,28,29,30,31,32,33,36,37,39,
199;0;191;235;1;0,1,2,4,5,6,7,8,9,12,13,14,15,19,20,22,23,24,25,26,27,28,29,30,31,32,33,36,37,39,
126;0;235;280;1;0,1,2,4,5,6,7,8,9,11,12,13,14,15,19,22,23,24,25,26,27,28,29,30,31,32,33,34,37,38,
33;0;280;282;1;0,1,2,4,5,6,7,8,10,11,12,13,15,18,19,22,23,24,25,26,27,28,29,30,32,33,34,35,37,38,
100;0;282;341;1;0,1,2,4,5,6,7,8,10,11,12,13,15,18,19,21,22,23,24,25,26,27,28,29,30,32,33,34,35,38,
5;0;341;378;1;0,1,2,4,6,7,8,9,10,11,12,13,16,17,18,19,21,22,23,25,26,27,28,29,30,31,32,33,34,35,
82;0;378;436;1;1,2,4,6,7,8,9,10,11,12,13,16,17,18,19,21,22,23,25,26,27,28,29,30,31,32,33,34,35,39,
63;0;436;463;1;1,3,4,6,7,9,10,11,12,13,14,16,18,19,20,21,22,23,25,26,27,28,29,30,31,32,33,34,35,39,
148;0;463;492;1;1,3,4,5,7,9,10,11,12,13,14,16,18,19,20,21,22,23,25,26,27,28,29,30,31,32,33,34,35,39,
50;0;492;536;1;1,3,4,5,7,9,10,11,12,13,14,16,18,19,20,21,23,25,26,27,28,29,30,31,32,33,34,37,38,39,
75;0;536;557;1;1,3,4,5,8,9,11,12,13,14,15,16,18,19,20,21,23,25,26,27,28,29,30,31,32,33,34,37,38,39,
163;0;557;599;1;1,2,3,4,5,6,8,9,11,12,13,14,15,16,18,19,20,21,22,23,25,26,28,29,30,32,33,34,38,39,
22;0;599;633;1;1,2,3,4,5,6,8,11,12,13,14,15,16,18,19,20,21,22,23,25,26,28,29,30,32,33,34,35,38,39,
123;0;633;662;1;1,2,3,6,8,11,12,13,14,15,16,18,19,20,21,22,23,25,26,28,29,30,31,32,33,34,35,37,38,39,
193;0;662;672;1;1,2,3,6,7,8,12,13,14,15,16,17,18,19,20,22,23,25,26,27,28,29,30,31,33,34,35,37,38,39,
157;0;672;706;1;0,2,3,6,7,8,12,13,14,15,16,17,18,19,20,22,24,25,26,27,28,29,30,31,33,34,35,37,38,39,
53;0;706;752;1;0,2,4,6,7,8,10,13,14,15,16,17,19,20,22,24,25,26,27,28,29,30,31,32,33,34,35,37,38,39,
43;0;752;759;1;0,1,2,4,5,6,7,8,9,10,11,13,14,16,17,19,20,22,23,25,27,28,31,32,33,34,35,36,37,39,
128;0;759;811;1;0,2,3,4,6,7,8,9,10,11,13,16,17,19,20,22,23,24,25,26,27,28,31,32,33,34,35,36,37,39,
177;0;811;828;1;0,1,2,3,4,6,7,8,11,13,15,16,17,19,20,21,22,23,25,26,27,28,29,31,32,33,35,36,37,39,
111;0;828;834;1;0,1,2,3,4,6,7,8,11,13,15,16,17,19,20,21,22,23,25,26,27,28,29,31,32,33,35,36,37,38,
84;0;834;837;1;0,1,2,3,4,7,8,10,11,13,15,16,17,19,20,21,22,23,26,27,28,29,30,31,32,33,34,35,36,38,
91;0;837;870;1;0,1,2,7,8,10,11,12,13,14,16,19,20,21,22,23,24,25,26,27,28,29,30,31,32,33,34,35,36,38,
15;0;870;895;1;0,1,2,6,7,8,10,11,12,13,14,16,20,21,22,23,24,25,26,27,28,29,30,31,32,33,34,35,36,38,
106;0;895;948;1;0,1,2,3,4,6,7,8,10,11,12,13,15,16,21,22,23,24,26,27,28,29,30,31,32,33,34,35,36,38,
35;0;948;960;1;0,1,2,3,4,6,7,8,10,11,12,13,15,16,22,23,24,26,27,28,29,30,31,32,33,34,35,36,37,38,
7;0;960;1001;1;0,2,3,4,5,6,7,8,11,12,15,16,17,20,22,23,24,26,27,28,29,30,31,32,33,34,35,36,37,38,
27;0;1001;1037;1;0,2,3,4,5,6,7,8,11,12,15,16,17,18,20,22,23,24,25,26,27,28,29,30,31,32,33,34,35,38,
42;0;1037;1038;1;0,2,3,4,5,6,7,8,9,10,11,12,13,15,16,17,18,19,21,23,24,26,27,28,29,30,31,32,33,38,
Machine: 1
119;0;0;23;1;1,2,3,6,7,8,9,10,11,12,13,14,16,17,18,19,23,24,25,26,27,28,29,30,32,33,35,36,37,38,
154;0;23;62;1;1,2,3,6,7,8,9,10,11,12,13,14,16,17,18,19,23,24,25,26,27,28,29,30,32,33,35,36,37,39,
68;0;62;63;1;0,1,3,6,7,8,9,10,11,12,13,14,16,17,18,19,20,24,25,26,27,28,29,30,32,34,35,36,37,39,
149;0;63;92;1;0,1,3,4,6,7,8,9,10,11,12,13,14,16,17,18,19,20,21,26,27,28,29,30,32,34,35,36,37,39,
146;0;92;130;1;0,1,3,4,6,7,8,9,10,11,12,13,14,16,17,18,19,20,21,22,26,27,28,29,32,34,35,36,37,39,
183;0;130;167;1;0,1,3,4,6,7,8,9,10,11,13,14,15,16,17,18,19,20,21,22,23,28,29,32,33,34,35,36,37,39,
182;0;167;192;1;0,1,3,6,7,8,9,10,11,13,14,15,16,17,18,19,20,21,22,23,24,28,29,31,32,34,36,37,38,39,
9;0;192;200;1;0,1,2,3,7,8,9,10,11,12,13,14,15,16,17,18,19,20,21,22,23,24,27,28,30,31,34,36,38,39,
1;0;200;220;1;0,1,2,3,7,8,9,10,11,12,13,15,16,17,18,19,20,21,22,23,24,26,27,28,30,31,34,35,36,39,
44;0;220;231;1;0,1,2,3,7,8,9,10,11,12,13,15,16,17,18,19,20,21,22,23,24,26,27,28,31,34,35,36,37,39,
70;0;231;266;1;0,1,2,3,7,8,9,10,11,12,13,15,17,18,19,20,21,22,23,24,26,27,28,31,33,35,36,37,38,39,
172;0;266;291;1;0,3,5,7,8,9,10,12,14,15,17,18,20,21,22,23,24,25,26,27,28,29,31,32,33,35,36,37,38,39,
185;0;291;312;1;0,1,2,3,4,5,7,8,9,10,12,13,15,18,19,20,21,22,25,27,28,29,31,32,33,34,35,36,38,39,
121;0;312;315;1;0,1,2,3,4,5,7,8,9,10,11,13,15,18,20,21,22,25,27,28,29,30,31,32,33,34,35,36,38,39,
130;0;315;335;1;0,1,2,3,4,5,6,7,8,9,10,11,13,14,15,18,20,21,22,25,27,28,29,30,31,32,34,35,36,38,
61;0;335;393;1;0,1,2,4,5,6,7,8,9,10,13,14,15,17,18,20,21,22,23,24,25,27,28,29,30,31,32,34,36,38,
187;0;393;440;1;0,1,2,4,5,6,7,9,10,12,13,14,16,17,18,19,20,21,22,23,24,25,27,28,29,31,32,34,36,38,
136;0;440;448;1;0,1,2,3,4,5,6,7,9,10,11,12,13,14,16,17,18,19,20,22,23,24,25,28,29,31,34,36,37,38,
142;0;448;484;1;0,1,2,4,5,6,7,9,10,11,12,13,16,18,19,20,22,23,24,25,26,28,29,31,34,35,36,37,38,39,
65;0;484;520;1;0,1,2,4,5,6,7,9,10,11,12,13,16,18,19,20,22,23,24,25,26,29,30,31,32,34,35,36,38,39,
131;0;520;560;1;0,1,2,4,5,6,7,8,9,10,11,12,13,16,18,20,21,22,23,25,26,29,30,32,33,34,35,36,38,39,
47;0;560;561;1;0,1,2,3,4,6,7,8,9,11,12,14,16,17,18,20,21,22,25,26,27,29,30,32,33,34,35,37,38,39,
145;0;561;589;1;0,2,3,4,6,7,8,9,11,12,14,15,16,17,18,20,21,22,23,25,26,27,29,30,32,34,35,37,38,39,
96;0;589;599;1;0,2,3,4,6,7,8,9,10,11,12,14,15,16,17,18,21,22,23,25,26,27,28,29,30,32,34,35,38,39,
29;0;599;626;1;0,2,4,6,8,9,10,11,12,14,15,17,18,21,22,23,24,25,26,27,28,29,30,32,33,34,35,36,38,39,
141;0;626;633;1;0,2,4,5,8,9,10,11,12,14,15,17,18,21,22,23,24,25,26,27,28,29,30,31,32,33,34,35,36,39,
101;0;633;639;1;0,2,4,5,7,8,9,10,11,12,13,14,16,17,18,21,22,23,24,25,27,28,29,30,31,32,34,35,36,39,
160;0;639;667;1;0,1,2,3,4,7,9,10,11,12,13,14,16,17,18,21,22,23,24,25,27,29,30,31,32,34,35,36,38,39,
155;0;667;700;1;0,1,3,4,6,7,9,10,11,12,13,14,16,17,18,19,21,22,23,24,25,27,29,30,31,32,34,36,38,39,
94;0;700;731;1;0,1,3,4,6,7,9,10,11,12,13,14,16,17,18,19,21,22,23,24,25,27,28,30,31,32,33,36,38,39,
161;0;731;732;1;0,1,3,4,6,7,11,12,13,14,15,16,17,18,19,20,22,23,24,25,26,27,28,30,31,33,36,37,38,39,
159;0;732;752;1;0,1,3,4,5,6,7,8,11,12,13,14,15,16,17,18,19,20,22,23,24,26,27,28,30,33,34,37,38,39,
114;0;752;763;1;0,1,3,5,6,7,8,9,10,11,12,13,14,15,16,18,19,20,22,23,24,26,27,30,33,34,35,37,38,39,
4;0;763;790;1;0,1,2,3,5,6,7,8,10,11,12,13,14,16,17,18,19,20,21,22,23,24,25,26,30,32,34,35,38,39,
Machine: 2
48;0;0;58;1;0,1,2,3,4,6,9,10,11,13,14,15,16,17,19,20,22,23,26,28,29,30,32,33,34,35,36,37,38,39,
31;0;58;65;1;0,1,2,3,4,6,7,9,11,12,13,14,15,16,17,19,21,23,24,26,28,29,30,31,32,33,34,35,38,39,
98;0;65;76;1;0,1,2,3,4,6,7,9,11,12,13,14,15,16,17,19,21,23,24,26,28,29,30,31,32,33,34,35,38,39,
64;0;76;126;1;1,2,3,4,5,6,7,12,13,15,16,17,19,20,21,22,23,24,25,26,28,29,30,31,32,33,34,36,38,39,
34;0;126;165;1;1,2,3,4,5,6,7,12,13,15,16,17,19,20,21,22,23,24,25,26,28,29,30,31,32,33,34,36,38,39,
188;0;165;198;1;1,2,3,4,5,6,7,12,13,15,16,17,19,20,21,22,23,24,25,26,28,29,30,31,32,33,34,35,36,38,
191;0;198;233;1;0,1,2,3,4,5,6,12,13,15,16,17,19,20,21,22,23,24,25,26,28,29,30,31,32,33,34,35,36,38,
57;0;233;290;1;0,1,2,3,4,5,6,10,12,13,15,16,17,19,20,21,22,23,24,26,27,28,30,31,32,33,34,35,36,38,
189;0;290;315;1;0,1,2,3,4,5,6,8,10,11,12,13,14,15,16,17,19,20,21,23,24,26,27,28,30,31,34,36,38,39,
60;0;315;341;1;0,1,2,3,4,6,8,10,11,12,13,14,15,16,17,18,19,20,21,24,25,26,27,28,30,31,34,36,38,39,
140;0;341;389;1;1,2,3,4,6,7,8,10,11,12,13,14,15,16,17,18,19,20,24,25,26,27,28,29,30,31,32,34,38,39,
52;0;389;409;1;1,2,3,4,6,7,8,10,11,12,14,15,16,17,18,19,20,24,25,26,27,28,29,30,31,32,34,37,38,39,
120;0;409;449;1;1,3,4,5,6,7,8,9,10,11,12,14,16,17,19,20,22,23,24,25,26,27,28,29,30,32,34,35,37,39,
165;0;449;485;1;1,3,4,5,7,8,9,10,11,12,16,17,18,19,22,23,24,25,26,27,28,29,30,31,32,33,34,35,37,38,
19;0;485;517;1;1,2,3,4,5,7,8,9,10,11,12,13,16,17,18,19,22,23,24,25,28,29,30,31,32,33,34,35,37,38,
115;0;517;527;1;1,2,3,4,5,7,8,9,10,11,12,14,17,18,19,20,22,23,25,28,29,30,31,32,33,34,35,36,37,38,
81;0;527;585;1;1,2,3,4,5,6,7,8,9,10,11,12,14,17,18,19,20,21,23,25,28,30,31,33,34,35,36,37,38,39,
12;0;585;596;1;1,2,3,4,5,6,9,10,11,12,13,14,17,18,19,20,21,23,24,25,26,28,30,31,33,34,35,37,38,39,
13;0;596;631;1;1,2,3,4,6,9,10,11,12,13,14,15,16,18,19,20,21,23,24,25,26,27,28,30,31,33,34,35,37,38,
28;0;631;646;1;0,1,2,3,6,7,8,9,10,11,12,13,14,15,16,18,19,20,21,23,24,26,28,30,31,32,34,35,37,38,
144;0;646;682;1;0,1,3,5,6,7,8,11,12,13,14,15,18,19,20,21,22,23,24,26,28,29,30,31,32,34,35,37,38,39,
133;0;682;689;1;0,1,3,4,5,6,7,8,11,12,13,14,17,18,19,20,22,23,25,27,28,29,30,31,32,34,35,37,38,39,
41;0;689;745;1;0,1,3,4,5,6,7,8,10,11,12,14,17,18,19,20,22,23,25,27,28,30,31,32,33,35,36,37,38,39,
122;0;745;795;1;3,4,5,6,7,8,10,11,13,14,17,18,19,20,21,23,24,25,26,27,28,30,31,32,33,35,36,37,38,39,
86;0;795;817;1;2,3,4,5,6,7,8,10,11,14,15,17,18,19,20,21,23,25,26,27,28,30,31,32,33,35,36,37,38,39,
108;0;817;851;1;2,3,4,5,6,8,10,11,14,15,17,18,19,20,21,22,23,25,26,27,28,30,31,32,34,35,36,37,38,39,
87;0;851;899;1;0,2,3,4,5,6,8,10,11,14,15,16,18,19,21,22,23,24,25,26,27,28,30,31,32,34,35,36,38,39,
198;0;899;918;1;0,1,2,3,4,5,6,7,8,10,12,13,14,15,16,18,21,22,24,25,26,28,30,31,32,33,34,35,36,38,
150;0;918;970;1;0,1,2,3,4,5,6,7,8,10,12,13,14,15,16,18,21,22,24,25,26,28,29,30,31,33,34,35,36,38,
171;0;970;1009;1;0,1,2,3,4,5,6,7,8,10,11,12,13,14,16,17,18,21,22,25,26,27,28,29,30,31,33,34,35,38,
112;0;1009;1046;1;1,2,3,4,6,7,9,10,11,12,13,14,16,18,21,22,25,26,27,28,29,30,31,32,33,34,35,37,38,39,
138;0;1046;1084;1;0,1,2,3,4,6,7,9,10,11,13,14,15,16,18,19,21,22,24,25,26,27,30,31,32,33,34,35,38,39,
76;0;1084;1106;1;0,1,2,3,4,6,7,9,10,11,13,14,15,16,17,19,20,21,22,24,25,26,27,30,31,32,33,34,35,38,
Machine: 3
77;0;0;30;1;0,1,2,3,6,7,9,10,11,12,13,15,16,17,20,22,24,25,27,28,29,30,31,32,33,34,35,36,38,39,
102;0;30;63;1;0,1,2,3,5,6,7,8,9,10,11,12,13,14,15,16,17,22,24,25,27,28,29,30,31,33,34,35,38,39,
113;0;63;114;1;0,1,3,5,6,7,8,9,10,12,13,15,16,17,18,22,25,26,27,28,29,30,31,33,34,35,36,37,38,39,
134;0;114;160;1;1,3,4,5,6,7,8,9,10,12,13,14,15,16,17,18,22,25,26,27,29,30,31,33,34,35,36,37,38,39,
20;0;160;195;1;1,3,4,5,6,7,8,9,10,12,13,14,15,16,17,18,20,22,25,26,29,30,31,33,34,35,36,37,38,39,
104;0;195;198;1;1,2,3,4,5,6,8,9,10,11,12,13,14,15,16,18,20,21,22,24,26,29,31,33,34,35,36,37,38,39,
192;0;198;206;1;0,1,2,3,4,5,6,8,9,11,12,13,14,15,16,18,20,21,22,23,26,29,30,31,33,34,35,36,37,38,
93;0;206;209;1;0,1,2,3,4,5,6,7,8,9,11,12,13,14,15,16,17,20,21,22,23,26,29,30,32,33,34,35,37,38,
116;0;209;217;1;0,1,2,3,4,5,6,7,8,9,11,12,13,14,15,17,21,22,23,25,26,29,30,32,33,34,35,36,37,38,
30;0;217;266;1;0,2,3,4,5,6,7,8,9,10,11,12,13,14,15,17,21,23,25,26,29,30,31,32,33,34,35,36,37,38,
181;0;266;284;1;2,3,4,5,6,7,8,9,10,11,13,14,17,18,19,21,23,24,25,26,27,28,29,30,31,32,33,36,37,38,
40;0;284;300;1;1,2,4,5,6,8,9,10,11,13,14,17,18,19,21,23,24,25,26,27,28,29,30,31,32,33,34,36,37,38,
80;0;300;345;1;1,2,4,5,6,8,9,10,11,12,13,14,15,16,17,18,19,21,22,23,24,26,28,29,30,32,34,36,37,38,
117;0;345;373;1;2,3,4,5,6,8,9,10,11,12,14,15,16,17,18,21,22,23,24,26,27,28,29,30,32,34,36,37,38,39,
97;0;373;419;1;0,2,3,4,5,7,8,9,10,11,12,14,15,16,17,21,22,23,24,26,27,28,30,31,32,34,36,37,38,39,
78;0;419;442;1;0,2,3,4,5,7,8,9,10,11,12,14,15,16,19,21,22,23,24,26,27,28,30,31,32,34,36,37,38,39,
8;0;442;455;1;0,1,2,3,4,5,7,8,9,10,11,12,14,15,16,19,21,22,23,25,26,27,28,31,32,34,36,37,38,39,
103;0;455;493;1;0,2,3,4,5,7,8,9,10,11,12,13,14,15,16,17,18,19,20,21,22,23,24,25,26,29,31,33,37,39,
139;0;493;525;1;0,2,4,5,7,8,9,10,11,12,13,15,16,18,19,20,21,23,24,25,26,28,29,30,32,33,34,36,37,39,
25;0;525;526;1;0,2,4,5,6,7,8,9,10,11,12,13,15,16,19,20,21,23,24,25,26,28,29,30,32,33,34,36,37,39,
10;0;526;573;1;0,2,3,4,5,6,7,8,10,11,13,15,16,19,20,21,22,23,24,25,26,27,28,30,32,33,34,36,37,39,
58;0;573;608;1;0,1,3,4,5,6,7,8,10,13,15,16,19,20,21,22,23,24,25,26,27,28,30,32,33,34,36,37,38,39,
24;0;608;631;1;0,1,2,3,4,6,7,8,9,10,13,15,17,19,20,21,22,23,24,25,26,27,28,32,33,34,35,36,37,38,
152;0;631;643;1;0,1,2,3,4,6,7,8,9,10,12,13,14,15,17,19,20,21,23,24,25,26,27,28,32,34,35,36,37,38,
16;0;643;686;1;0,1,2,3,4,6,7,9,10,12,14,15,16,17,18,19,20,21,23,24,25,26,28,32,34,35,36,37,38,39,
23;0;686;744;1;0,1,2,3,4,5,6,7,9,11,12,14,15,16,17,18,19,20,23,24,25,26,31,32,34,35,36,37,38,39,
174;0;744;765;1;1,2,3,4,5,6,7,9,11,12,13,14,16,17,18,19,20,23,24,25,26,27,30,31,32,34,35,36,37,38,
176;0;765;802;1;1,3,4,5,6,7,8,9,11,12,13,14,17,18,19,20,21,22,23,25,26,27,30,31,32,34,35,36,37,38,
83;0;802;804;1;3,4,5,6,7,8,9,11,12,13,14,17,18,19,20,21,22,23,25,26,27,30,31,32,34,35,36,37,38,39,
95;0;804;837;1;0,4,5,6,8,9,10,12,13,14,15,17,18,19,21,22,23,25,26,27,29,30,31,32,33,35,36,37,38,39,
0;0;837;894;1;0,1,4,5,6,8,9,10,12,13,14,15,17,18,19,20,22,23,25,26,27,29,30,31,32,33,35,36,38,39,
173;0;894;946;1;0,4,5,6,8,10,11,12,13,14,15,17,18,19,20,22,23,24,25,26,27,28,29,30,31,32,33,34,36,39,
162;0;946;991;1;0,4,5,6,7,8,10,11,12,13,14,15,17,18,19,20,22,23,24,25,26,27,28,29,30,31,32,33,34,36,
Machine: 4
49;0;0;4;1;0,1,2,5,7,10,11,13,14,15,16,17,18,20,21,22,23,24,26,27,28,29,32,33,34,35,36,37,38,39,
71;0;4;12;1;0,1,2,3,5,7,10,11,13,14,15,16,17,18,20,21,22,23,24,26,27,29,30,32,33,34,36,37,38,39,
14;0;12;25;1;0,1,2,3,4,7,10,11,12,13,14,15,16,17,20,21,22,23,24,25,26,27,28,29,30,33,34,37,38,39,
135;0;25;82;1;0,1,2,3,4,7,10,11,12,13,14,15,16,17,20,21,22,23,24,25,26,27,28,29,30,34,35,37,38,39,
2;0;82;108;1;0,1,2,3,4,6,7,10,12,13,14,15,16,17,20,21,22,23,24,25,26,27,28,29,30,34,35,37,38,39,
180;0;108;158;1;0,1,2,3,4,6,7,9,10,12,13,14,15,16,18,20,21,22,23,24,25,26,27,28,29,34,35,37,38,39,
32;0;158;170;1;0,2,3,4,6,7,8,9,10,12,13,14,15,16,19,20,21,22,23,24,25,26,28,29,31,34,35,37,38,39,
170;0;170;176;1;2,4,5,6,7,8,9,10,11,12,13,14,15,16,19,20,22,23,24,25,28,29,30,31,32,34,35,36,38,39,
21;0;176;234;1;0,2,4,5,6,7,8,9,12,13,14,15,18,19,20,21,22,23,25,28,30,31,32,33,34,35,36,37,38,39,
107;0;234;236;1;0,1,4,5,6,7,8,9,12,13,14,15,16,18,19,20,21,24,25,26,28,30,31,33,34,35,36,37,38,39,
137;0;236;259;1;0,1,2,3,4,5,6,7,9,11,12,13,14,15,18,20,21,23,25,28,29,30,31,33,34,35,36,37,38,39,
99;0;259;292;1;0,1,2,3,4,5,6,7,9,11,12,13,14,15,18,20,21,22,23,27,28,29,30,31,34,35,36,37,38,39,
194;0;292;339;1;0,1,2,3,4,5,6,7,8,12,13,14,18,19,20,21,22,23,24,27,29,30,31,32,34,35,36,37,38,39,
72;0;339;358;1;0,1,2,3,4,5,6,7,8,12,13,14,16,18,19,20,21,22,23,24,27,29,30,31,32,34,35,37,38,39,
147;0;358;395;1;0,1,2,3,4,5,6,7,8,9,10,13,14,16,18,19,20,21,22,23,24,29,30,31,33,34,35,37,38,39,
67;0;395;419;1;0,1,2,3,4,5,6,7,8,9,10,13,14,15,16,18,19,22,23,24,25,27,29,30,31,32,34,35,37,39,
129;0;419;464;1;1,2,3,5,6,7,8,9,10,12,13,14,15,16,18,19,22,23,24,25,27,29,30,31,32,34,35,36,37,39,
18;0;464;475;1;1,2,3,5,6,7,8,9,10,12,13,14,15,16,17,19,20,22,23,24,25,27,29,30,31,32,34,36,37,39,
51;0;475;488;1;1,2,3,5,6,7,9,10,11,12,13,14,15,16,17,19,20,21,22,23,24,27,29,30,31,33,34,36,37,39,
175;0;488;544;1;1,2,5,6,7,9,10,11,12,13,14,15,16,17,18,19,20,21,22,23,24,27,29,30,31,33,34,36,37,39,
109;0;544;551;1;0,1,2,5,6,7,9,10,11,12,13,14,15,16,17,18,20,21,22,23,24,26,27,29,30,34,36,37,38,39,
169;0;551;561;1;0,1,2,5,6,7,9,10,11,12,14,15,16,17,18,20,21,22,23,24,25,26,27,29,30,34,36,37,38,39,
195;0;561;589;1;0,1,2,5,6,7,9,10,11,12,14,15,16,17,18,19,20,22,23,24,25,26,27,29,32,33,36,37,38,39,
92;0;589;614;1;0,1,2,4,5,6,7,8,9,10,11,12,14,15,16,17,18,19,20,22,23,24,25,26,27,29,32,37,38,39,
178;0;614;652;1;0,1,2,3,4,5,6,7,8,10,11,12,14,15,16,17,18,19,20,21,22,23,24,26,27,29,30,32,37,39,
36;0;652;694;1;0,1,2,3,4,5,7,8,9,10,11,12,15,17,18,19,20,21,22,23,24,26,27,28,29,30,32,33,35,37,
132;0;694;696;1;0,1,2,3,4,5,7,8,9,10,11,15,16,17,18,19,20,21,23,24,25,28,29,30,31,32,33,36,37,39,
17;0;696;737;1;0,1,2,3,4,5,7,8,9,10,11,13,15,17,18,19,20,21,23,24,28,29,30,31,32,33,34,36,37,39,
164;0;737;739;1;1,3,4,5,7,8,9,10,12,13,14,15,18,19,20,21,22,23,24,26,28,30,31,32,33,34,35,36,37,39,
45;0;739;763;1;1,3,4,5,7,8,9,10,12,13,14,15,16,18,19,21,22,23,24,26,27,28,30,31,32,34,35,36,37,39,
38;0;763;818;1;0,1,2,3,4,5,7,8,9,10,12,13,14,15,19,21,22,23,24,25,26,27,28,31,32,34,35,36,37,39,
62;0;818;869;1;1,2,3,4,5,7,8,9,12,13,14,15,19,21,22,23,24,25,26,27,28,29,31,32,34,35,36,37,38,39,
85;0;869;909;1;1,2,3,4,5,7,8,9,11,12,13,14,15,16,19,22,23,25,26,27,28,29,31,32,34,35,36,37,38,39,
Machine: 5
66;0;0;50;1;0,1,2,3,4,5,6,7,8,9,10,11,12,14,16,17,18,20,21,22,23,24,25,26,27,28,30,31,36,39,
125;0;50;95;1;0,1,2,3,5,6,7,8,9,10,11,12,14,16,17,18,20,21,22,24,25,26,27,28,30,31,33,34,36,39,
90;0;95;103;1;0,1,2,3,5,6,7,8,9,10,12,13,14,16,17,18,21,24,25,26,27,28,31,33,34,35,36,37,38,39,
55;0;103;131;1;0,1,2,3,4,5,6,8,9,10,12,13,14,16,17,18,19,21,24,25,26,27,31,32,33,34,35,36,38,39,
46;0;131;144;1;0,1,2,3,5,6,8,9,10,12,13,14,16,17,18,19,21,23,24,25,26,27,31,32,33,34,35,36,38,39,
54;0;144;200;1;0,1,2,5,6,8,9,10,11,12,14,15,16,17,18,19,20,21,26,27,28,30,31,32,33,34,35,36,38,39,
88;0;200;204;1;0,1,2,5,6,8,9,10,11,14,15,16,17,18,19,20,21,22,27,28,29,30,31,32,33,34,35,36,38,39,
158;0;204;238;1;1,2,3,5,6,7,8,9,11,14,15,16,17,18,19,20,21,22,27,28,29,30,31,32,33,34,35,36,38,39,
118;0;238;250;1;1,3,5,7,8,9,11,13,14,15,16,17,18,19,20,21,22,24,25,27,28,29,30,31,33,34,35,36,38,39,
168;0;250;304;1;1,4,5,7,8,9,10,11,14,15,16,17,18,19,20,21,22,23,24,25,27,28,29,30,31,33,34,35,36,39,
89;0;304;362;1;1,2,4,5,7,8,9,10,11,15,16,17,18,19,20,21,22,23,24,25,27,28,29,30,31,33,34,35,36,39,
190;0;362;416;1;0,1,2,4,5,6,8,9,10,12,15,16,17,18,19,20,22,23,24,25,27,28,29,30,31,33,34,35,36,37,
26;0;416;471;1;0,1,2,3,4,5,6,8,9,10,12,14,15,16,17,18,19,20,23,24,25,28,30,32,33,34,35,36,37,39,
197;0;471;491;1;0,1,2,3,4,5,6,8,9,10,12,14,15,16,17,18,19,20,23,25,26,28,30,32,33,34,35,36,37,39,
6;0;491;514;1;0,1,3,4,5,6,7,8,9,12,13,14,15,16,17,18,19,20,23,26,27,28,30,32,33,34,35,36,37,39,
124;0;514;573;1;0,1,3,4,5,8,9,11,12,13,14,15,16,17,18,19,20,23,26,27,28,30,31,32,33,34,35,36,37,39,
186;0;573;582;1;0,1,3,4,5,8,9,11,12,13,14,15,16,18,19,21,22,25,27,28,29,30,31,32,33,34,35,36,37,39,
167;0;582;611;1;0,1,3,4,5,7,9,10,11,12,13,14,15,16,18,19,21,22,25,27,28,29,30,31,32,34,35,36,37,39,
37;0;611;667;1;0,1,3,4,5,6,7,9,10,11,12,13,14,15,16,18,19,21,22,24,25,27,29,30,31,34,35,36,37,39,
74;0;667;681;1;0,1,2,3,4,5,6,7,9,10,11,12,13,15,16,21,22,23,24,25,26,27,29,30,31,34,35,36,37,39,
156;0;681;703;1;0,1,2,3,4,5,6,7,9,10,11,12,13,15,16,17,20,22,23,24,25,27,29,30,31,34,35,36,37,39,
151;0;703;716;1;0,1,2,3,4,5,6,7,9,10,11,12,15,16,17,19,20,22,23,24,25,27,28,29,30,31,32,34,36,37,
127;0;716;726;1;0,1,2,4,6,7,8,9,10,11,12,15,16,17,18,19,20,22,23,24,25,27,28,29,30,32,33,34,36,37,
153;0;726;729;1;0,1,2,6,7,9,10,11,15,17,18,19,20,21,22,23,24,25,26,27,28,29,30,31,32,33,34,36,37,39,
69;0;729;771;1;0,1,2,5,6,7,9,10,11,15,17,18,19,20,21,22,23,24,25,26,27,28,29,31,32,33,34,36,37,39,
59;0;771;806;1;0,1,2,4,5,6,7,9,10,11,15,17,19,20,21,22,23,24,25,28,29,31,32,33,34,35,36,37,38,39,
73;0;806;826;1;0,1,3,4,5,7,8,10,11,12,13,17,19,20,22,23,24,25,26,28,29,30,31,32,33,35,36,37,38,39,
143;0;826;868;1;0,1,3,4,5,7,8,10,11,12,13,17,18,19,20,23,24,25,27,28,29,30,31,32,33,35,36,37,38,39,
79;0;868;890;1;0,1,2,4,5,7,8,10,11,12,13,17,18,19,20,21,23,24,25,27,28,29,30,31,32,33,36,37,38,39,
166;0;890;935;1;0,1,2,4,5,6,8,9,10,11,12,13,16,17,18,19,20,21,23,25,28,29,30,31,32,33,36,37,38,39,
184;0;935;968;1;0,1,2,4,5,6,8,9,10,11,12,13,15,16,17,18,19,20,23,25,28,29,30,32,34,35,36,37,38,39,
56;0;968;1005;1;0,1,2,5,6,8,9,10,11,12,13,14,15,16,17,18,20,23,24,25,28,29,30,32,34,35,36,37,38,39,
196;0;1005;1061;1;0,2,3,5,6,8,9,10,11,12,13,14,15,16,17,18,20,21,22,23,25,27,28,29,31,34,35,37,38,39,
END
fineshedJobsCount: 200
switchs: 551
switchsInstances: 192
unfineshedPriorityCount: 0
totalUnfineshed: 0
criticalMachineSwitchs: 92
criticalMachineTime: 1106
Final Solution: -551
Time: 7311
PTL: 195
MCMC: 51
Best Initial: -889
Mean Initial: -911.818
