./input/BeezaoRaw/IPMTC-II/instanceLarge952_m=6_n=200_l=40_c=30_s=0.PMTC;
2227;2227;1440
Machine: 0
11;0;0;9;1;2,4,5,6,7,8,10,12,13,15,18,19,20,21,22,23,24,26,27,28,29,30,31,32,34,35,36,37,38,39,
134;0;9;22;1;1,2,3,4,5,7,8,10,12,13,14,15,19,21,22,24,26,27,28,29,30,31,32,33,34,35,36,37,38,39,
62;0;22;77;1;1,2,3,4,5,7,8,10,12,13,14,15,19,21,22,24,25,26,27,28,29,30,31,32,33,34,36,37,38,39,
58;0;77;122;1;1,3,4,5,6,7,8,10,12,13,15,16,19,20,21,22,23,24,25,26,27,28,30,32,33,34,36,37,38,39,
10;0;122;150;1;0,1,3,4,5,6,7,8,10,11,12,13,15,16,19,20,21,22,23,24,25,27,28,30,32,33,34,36,37,39,
151;0;150;169;1;0,1,3,4,5,7,8,10,11,12,15,16,17,19,20,21,22,23,24,25,27,28,29,30,32,33,34,36,37,39,
168;0;169;172;1;1,3,4,5,7,8,9,10,11,14,15,16,17,18,19,20,21,22,23,24,25,27,28,29,30,33,34,35,36,39,
89;0;172;196;1;1,2,3,4,5,7,8,9,11,15,16,17,18,19,20,21,22,23,24,25,27,28,29,30,31,33,34,35,36,39,
110;0;196;197;1;2,3,4,5,6,7,8,9,11,15,16,17,18,19,20,22,24,26,27,28,29,30,31,32,33,34,35,36,37,39,
7;0;197;214;1;2,3,4,5,7,8,11,12,15,16,17,18,19,20,22,23,24,26,27,28,29,30,31,32,33,34,35,36,37,39,
23;0;214;260;1;0,2,4,5,7,11,12,14,15,16,17,18,19,20,22,23,24,26,27,28,29,30,31,32,33,34,35,36,37,39,
105;0;260;302;1;0,2,4,7,11,12,13,14,15,16,17,18,19,21,22,23,24,26,27,28,29,30,31,32,33,34,35,36,38,39,
97;0;302;333;1;0,2,3,4,5,7,8,10,11,12,13,14,15,16,17,18,19,21,22,23,24,27,29,30,31,32,36,37,38,39,
79;0;333;345;1;0,1,2,3,4,5,7,8,10,11,12,13,14,15,16,17,18,19,20,21,22,23,24,27,29,30,31,37,38,39,
92;0;345;373;1;0,1,2,3,4,6,7,8,10,11,12,13,14,15,16,17,18,19,20,22,23,24,25,27,29,30,31,37,38,39,
161;0;373;381;1;0,1,2,3,4,6,11,12,13,14,15,16,17,18,19,20,22,23,24,25,26,27,28,30,31,33,36,37,38,39,
14;0;381;403;1;0,1,2,3,4,10,11,12,13,14,15,16,17,18,19,20,22,23,24,25,27,28,29,30,31,33,34,37,38,39,
9;0;403;449;1;0,1,2,3,4,7,8,10,11,12,13,14,15,16,17,18,19,20,22,23,24,25,27,28,29,30,31,37,38,39,
135;0;449;469;1;0,1,2,3,4,7,8,10,11,12,13,14,15,17,18,19,20,22,23,24,25,27,28,29,30,31,35,37,38,39,
133;0;469;483;1;0,1,2,3,4,5,6,7,8,11,12,13,14,15,17,18,20,22,23,25,27,28,29,30,31,34,35,37,38,39,
99;0;483;520;1;0,1,2,3,4,5,6,7,11,12,13,14,15,18,20,21,22,23,25,27,28,29,30,31,34,35,36,37,38,39,
137;0;520;536;1;0,1,2,3,4,5,6,9,11,12,13,14,15,18,20,21,22,23,25,28,29,30,31,33,34,35,36,37,38,39,
21;0;536;594;1;0,1,2,3,4,5,9,12,13,14,15,18,19,20,21,22,23,25,28,29,30,31,32,33,34,35,36,37,38,39,
185;0;594;646;1;0,1,2,3,4,5,7,8,9,10,12,13,14,15,18,19,20,21,22,23,25,27,29,32,33,34,35,36,38,39,
38;0;646;651;1;0,1,2,3,4,5,7,8,9,10,13,14,15,18,19,20,21,22,23,25,26,27,32,33,34,35,36,37,38,39,
55;0;651;702;1;0,1,2,3,4,5,8,9,10,13,14,16,17,18,19,20,21,22,23,25,26,27,32,33,34,35,36,37,38,39,
46;0;702;746;1;0,1,2,3,4,6,8,9,10,13,16,17,18,19,20,21,22,23,24,25,26,27,31,32,33,34,35,36,38,39,
24;0;746;778;1;0,1,2,3,4,6,8,9,10,13,16,17,19,20,21,22,24,25,26,27,28,31,32,33,34,35,36,37,38,39,
121;0;778;823;1;0,2,3,4,6,7,8,9,10,11,13,16,17,19,20,21,22,24,25,26,28,30,31,32,33,34,35,36,38,39,
128;0;823;862;1;0,2,3,4,6,7,8,9,10,11,13,16,17,19,20,22,23,24,25,26,27,28,31,32,33,34,35,36,37,39,
191;0;862;913;1;0,2,3,4,5,6,7,8,10,13,15,16,17,19,20,22,23,24,25,26,27,29,31,32,33,34,35,36,37,38,
53;0;913;927;1;0,2,3,4,5,6,7,8,10,13,14,15,16,17,19,20,22,23,24,26,27,29,30,32,33,34,35,37,38,39,
114;0;927;942;1;0,3,5,6,7,8,9,10,11,12,13,14,15,16,17,18,19,20,22,23,24,26,27,30,33,34,35,37,38,39,
68;0;942;967;1;0,1,3,5,6,7,8,9,10,11,12,13,14,15,16,17,18,19,20,24,25,26,27,28,29,30,34,35,36,37,
Machine: 1
197;0;0;13;1;0,1,2,3,4,5,6,8,9,11,12,14,15,16,19,21,22,23,24,25,26,27,28,32,33,34,35,37,38,39,
87;0;13;34;1;0,1,2,3,4,5,6,8,9,11,12,14,15,16,19,21,22,23,24,25,26,27,28,32,33,34,35,37,38,39,
8;0;34;86;1;0,1,2,3,4,5,7,8,9,10,11,12,15,16,19,21,22,23,24,25,26,27,28,31,32,34,36,37,38,39,
141;0;86;102;1;0,1,2,3,4,5,8,9,10,11,12,15,16,17,19,21,22,23,24,25,26,27,28,29,30,31,32,33,36,39,
26;0;102;132;1;0,1,2,3,4,5,8,9,10,11,12,14,15,16,17,19,22,23,24,25,26,28,29,30,31,32,33,35,36,39,
132;0;132;163;1;0,1,2,3,4,5,8,9,10,11,12,14,15,16,17,18,19,22,23,24,25,26,28,29,30,31,32,35,36,39,
45;0;163;182;1;1,3,4,5,8,9,10,11,12,13,14,15,16,18,19,22,23,24,26,27,28,29,30,31,32,34,35,36,37,39,
148;0;182;217;1;1,3,4,5,9,10,11,12,13,14,15,16,18,19,20,22,23,26,27,28,29,30,31,32,33,34,35,36,37,39,
149;0;217;227;1;1,3,4,5,6,7,9,10,11,12,13,14,15,16,18,19,20,21,22,27,29,30,31,32,33,34,35,36,37,39,
51;0;227;273;1;1,2,3,4,5,6,7,9,10,11,12,13,14,15,16,18,19,20,21,22,27,30,31,32,33,34,35,36,37,39,
6;0;273;296;1;0,1,2,3,4,5,6,7,9,10,11,12,13,14,15,16,18,20,21,26,27,30,31,32,33,34,35,36,37,39,
90;0;296;341;1;0,1,2,3,4,5,7,9,10,11,12,13,14,16,18,21,25,26,27,28,30,31,32,33,34,35,36,37,38,39,
167;0;341;394;1;0,1,2,3,4,5,7,9,10,11,12,13,14,16,18,19,21,25,27,28,30,31,32,33,34,35,36,37,38,39,
98;0;394;431;1;0,1,2,3,4,7,9,10,11,12,13,14,16,18,19,21,23,24,25,27,28,30,31,32,33,34,35,36,38,39,
94;0;431;483;1;0,1,3,4,6,7,9,10,11,12,13,14,16,17,18,19,21,22,24,25,27,28,30,31,32,33,34,36,38,39,
165;0;483;509;1;0,1,3,4,6,7,9,10,11,12,13,14,16,17,18,19,21,24,25,26,27,28,30,31,32,33,34,37,38,39,
2;0;509;527;1;0,1,2,4,6,7,10,11,12,13,14,15,16,17,19,21,23,24,25,26,27,28,30,31,32,33,34,37,38,39,
52;0;527;557;1;0,1,2,4,6,7,8,10,11,12,13,14,15,17,19,20,23,24,25,26,27,28,30,31,32,33,34,37,38,39,
162;0;557;582;1;0,4,5,6,7,8,11,12,13,14,15,17,19,20,22,23,24,25,26,27,28,30,31,32,33,34,36,37,38,39,
73;0;582;602;1;0,3,4,5,6,7,8,11,12,13,17,19,20,22,23,24,25,26,27,28,29,30,31,32,33,35,36,37,38,39,
143;0;602;635;1;0,3,4,5,6,7,8,10,11,12,13,17,18,19,20,22,23,24,25,27,28,30,31,32,33,35,36,37,38,39,
41;0;635;694;1;0,1,3,4,5,6,7,8,10,11,12,14,17,18,19,20,22,23,25,27,28,30,31,32,33,35,36,37,38,39,
164;0;694;736;1;0,1,3,4,5,7,8,9,10,12,13,14,15,18,19,20,21,22,23,26,28,30,31,32,33,34,35,36,37,39,
124;0;736;770;1;0,1,3,4,5,7,8,9,11,12,13,15,16,17,19,20,21,22,23,26,27,28,30,31,32,33,34,35,36,39,
34;0;770;815;1;1,3,4,5,7,8,9,11,12,13,16,17,19,20,21,22,24,25,26,27,28,30,31,32,33,34,35,36,38,39,
83;0;815;863;1;1,3,4,5,6,7,8,9,11,12,13,16,17,18,19,20,21,22,24,25,26,27,30,31,32,33,34,35,38,39,
76;0;863;867;1;0,1,3,4,6,7,9,10,11,13,14,15,16,17,18,19,20,21,22,24,25,26,27,30,31,32,33,34,35,38,
138;0;867;869;1;0,1,3,4,6,7,9,10,11,13,14,15,16,17,18,19,20,22,24,25,26,27,30,31,32,33,34,35,38,39,
77;0;869;926;1;0,1,3,4,6,7,9,10,11,12,13,15,16,17,20,22,24,25,27,28,29,30,31,32,33,34,35,36,38,39,
84;0;926;966;1;0,1,2,3,4,6,7,8,10,11,13,15,16,17,19,20,22,23,26,27,28,29,30,31,32,33,34,35,36,38,
57;0;966;986;1;0,1,2,3,4,5,6,8,10,11,12,13,15,16,17,19,21,22,23,26,27,28,30,31,32,33,34,35,36,38,
30;0;986;1042;1;0,2,3,4,5,6,8,9,10,11,12,13,14,15,17,21,22,23,25,26,27,29,30,31,32,33,34,35,36,38,
117;0;1042;1063;1;2,3,4,6,8,9,10,11,12,14,15,17,18,21,22,23,24,26,27,28,29,30,32,33,34,35,36,37,38,39,
29;0;1063;1096;1;2,3,4,6,8,9,10,11,12,14,15,17,18,21,22,23,24,26,27,28,29,30,32,33,34,35,36,37,38,39,
Machine: 2
22;0;0;29;1;1,2,3,4,6,8,9,11,12,14,15,16,18,19,20,21,22,23,25,26,28,29,30,31,32,33,34,35,38,39,
186;0;29;41;1;1,2,3,4,6,8,9,11,12,14,15,16,18,19,20,21,22,23,25,28,29,30,31,32,33,34,36,37,38,39,
72;0;41;87;1;0,1,2,3,4,6,7,8,9,12,14,15,16,19,20,21,22,23,24,25,27,29,30,31,32,34,36,37,38,39,
18;0;87;131;1;0,2,3,5,6,7,8,9,10,12,13,14,15,16,17,19,20,22,23,24,25,27,29,30,31,32,34,36,37,39,
25;0;131;185;1;0,2,3,5,6,7,8,9,10,12,13,14,15,16,17,19,20,22,23,24,25,27,29,30,31,33,34,36,37,39,
136;0;185;206;1;0,2,3,4,5,6,7,8,9,10,11,12,13,14,15,16,17,19,20,22,23,24,25,27,28,31,34,36,37,39,
67;0;206;265;1;0,1,2,3,4,5,6,7,8,9,10,11,12,13,14,15,16,17,18,22,23,24,25,27,32,34,35,36,37,39,
127;0;265;298;1;0,1,2,4,6,7,8,9,10,11,12,13,14,15,16,17,18,22,23,24,25,27,29,30,32,33,34,35,36,37,
39;0;298;304;1;0,1,2,4,6,7,8,9,10,11,12,13,14,15,16,17,19,22,23,24,27,28,29,30,32,33,34,35,36,37,
35;0;304;338;1;0,1,2,3,4,6,7,8,9,10,11,12,13,14,15,22,23,24,26,27,28,29,30,31,32,33,34,35,36,37,
126;0;338;369;1;0,1,2,5,6,7,8,9,10,11,12,13,14,22,23,24,25,26,27,28,29,30,31,32,33,34,35,36,37,38,
43;0;369;389;1;0,1,2,5,6,7,8,9,10,11,12,13,14,22,23,25,26,27,28,29,30,31,32,33,34,35,36,37,38,39,
196;0;389;430;1;0,2,3,5,6,8,9,10,11,12,13,14,15,16,17,18,20,21,22,23,25,27,28,29,31,34,35,37,38,39,
81;0;430;478;1;0,2,3,5,6,7,8,10,11,12,13,14,15,16,17,18,20,21,22,23,25,27,28,30,31,34,36,37,38,39,
66;0;478;494;1;0,1,2,3,4,5,6,8,10,11,12,13,14,15,16,17,18,20,21,22,23,25,27,28,30,31,34,36,38,39,
60;0;494;503;1;0,1,2,3,4,5,6,8,10,11,12,13,14,15,16,17,18,19,20,21,23,25,26,27,30,31,34,36,38,39,
189;0;503;523;1;0,1,2,3,4,5,6,8,10,11,12,13,14,15,16,17,18,19,20,21,23,24,25,27,30,31,34,36,38,39,
190;0;523;526;1;0,1,2,3,4,5,6,8,10,12,15,16,18,19,20,21,22,23,24,25,27,29,30,31,33,34,36,37,38,39,
147;0;526;567;1;0,1,2,3,5,6,8,9,10,12,16,18,19,20,21,22,23,24,25,27,29,30,31,33,34,35,36,37,38,39,
125;0;567;610;1;0,1,2,3,5,6,7,8,9,10,11,12,14,16,17,18,20,21,22,23,24,25,26,27,29,30,33,34,36,39,
116;0;610;645;1;0,1,2,3,5,6,7,8,9,11,12,14,16,17,18,20,21,22,23,25,26,27,29,30,33,34,35,36,37,38,
171;0;645;653;1;0,1,2,3,4,5,6,7,8,9,11,12,13,14,16,17,18,20,21,22,25,26,27,28,29,30,33,34,35,38,
47;0;653;676;1;0,1,2,3,4,6,7,8,9,11,12,14,16,17,18,20,21,22,25,26,27,29,30,32,33,34,35,37,38,39,
176;0;676;707;1;0,1,2,3,4,6,7,8,9,11,12,13,14,16,17,18,20,21,22,23,25,26,27,30,31,32,34,35,37,38,
5;0;707;756;1;0,1,2,3,4,6,7,8,9,11,12,13,14,16,17,18,19,20,21,22,23,25,26,27,28,30,31,32,34,35,
120;0;756;808;1;1,3,4,5,6,7,8,9,10,11,12,14,16,17,19,20,22,23,24,25,26,27,28,29,30,32,34,35,37,39,
178;0;808;853;1;1,2,3,4,5,6,7,8,10,11,12,14,15,16,17,18,19,20,21,22,23,24,26,27,29,30,32,34,37,39,
71;0;853;855;1;1,2,3,5,6,7,8,11,12,14,15,16,17,18,19,20,21,23,24,26,27,29,30,32,33,34,36,37,38,39,
193;0;855;868;1;1,2,3,5,6,7,8,11,12,14,15,17,18,19,20,21,23,24,26,27,28,29,30,31,32,33,36,37,38,39,
181;0;868;894;1;1,2,3,4,5,6,7,8,11,12,13,14,17,18,19,21,23,24,25,26,27,28,29,30,31,32,33,36,37,38,
40;0;894;944;1;1,2,4,5,6,8,9,10,11,13,14,17,18,19,21,23,24,25,26,27,28,29,30,31,32,33,34,36,37,38,
80;0;944;992;1;1,2,4,5,6,8,9,10,11,12,13,14,15,16,17,18,19,21,22,23,24,25,28,29,30,32,34,36,37,38,
184;0;992;1032;1;0,1,2,4,5,6,8,9,10,11,12,13,14,15,16,17,18,19,23,25,28,29,30,32,34,35,36,37,38,39,
Machine: 3
104;0;0;26;1;1,2,3,4,5,6,8,9,10,11,12,13,14,15,16,18,20,21,22,24,26,29,31,33,34,35,36,37,38,39,
44;0;26;48;1;1,2,3,4,5,6,7,8,9,11,12,13,14,15,16,17,18,20,21,22,24,26,27,31,33,34,36,37,38,39,
159;0;48;82;1;0,1,2,3,4,5,6,8,9,11,12,13,14,15,17,18,20,21,22,23,24,26,27,28,31,33,34,36,38,39,
61;0;82;112;1;0,1,2,3,4,5,8,9,11,12,13,14,15,17,18,20,21,22,23,24,26,27,28,30,31,33,34,36,38,39,
103;0;112;125;1;0,2,3,4,5,8,9,10,11,12,13,14,15,16,17,18,19,20,21,22,23,24,25,26,27,29,31,33,37,39,
172;0;125;184;1;0,3,5,7,8,9,10,12,14,15,17,18,20,21,22,23,24,25,26,27,28,29,31,32,33,35,36,37,38,39,
16;0;184;212;1;0,1,3,6,7,8,9,10,12,14,15,16,17,18,19,20,21,23,24,25,26,27,28,32,34,35,36,37,38,39,
152;0;212;237;1;0,1,3,6,7,8,9,10,12,14,15,16,17,18,19,20,21,23,24,25,26,27,28,32,34,35,36,37,38,39,
180;0;237;276;1;0,1,2,3,4,6,7,9,10,12,14,16,17,18,19,20,21,22,23,24,25,26,27,28,29,32,34,37,38,39,
187;0;276;293;1;0,1,2,4,5,6,7,9,10,12,14,16,17,18,19,20,21,22,23,24,25,27,28,29,31,32,34,36,37,38,
175;0;293;351;1;0,1,2,5,6,7,9,10,12,14,15,16,17,18,19,20,21,22,23,24,27,29,30,31,33,34,36,37,38,39,
109;0;351;386;1;0,1,2,5,6,7,9,10,11,12,13,14,15,16,17,18,20,21,22,23,24,26,27,29,30,34,36,37,38,39,
169;0;386;424;1;0,1,2,5,6,9,10,11,12,13,14,15,16,17,18,20,21,22,23,24,25,26,27,29,30,34,36,37,38,39,
153;0;424;445;1;1,2,5,6,9,10,11,12,13,14,15,17,18,19,20,21,23,24,25,26,27,28,29,30,31,34,36,37,38,39,
12;0;445;464;1;1,2,3,4,5,6,9,10,11,12,13,14,15,17,18,19,20,21,23,24,25,26,28,30,31,33,34,37,38,39,
13;0;464;470;1;1,2,4,6,9,10,11,12,13,14,15,16,17,18,19,20,21,23,24,25,26,27,28,30,31,33,34,35,37,38,
119;0;470;514;1;1,2,4,6,7,8,9,10,11,12,13,14,15,16,17,18,19,20,23,24,25,26,28,29,30,31,33,34,35,38,
20;0;514;573;1;1,2,4,6,7,8,9,10,11,12,13,14,15,16,17,18,19,20,22,24,25,26,28,29,30,31,33,34,35,38,
140;0;573;607;1;1,2,3,4,6,7,8,9,11,12,13,14,15,16,17,18,19,20,22,24,26,28,29,30,31,32,33,34,35,38,
158;0;607;654;1;1,2,3,5,6,7,8,9,11,12,13,14,15,16,17,18,19,20,22,24,28,29,30,31,32,33,34,35,38,39,
102;0;654;685;1;1,2,3,5,6,7,8,9,11,12,13,14,15,16,18,19,20,22,24,25,28,29,30,31,32,33,34,35,38,39,
118;0;685;690;1;1,3,5,6,7,8,9,11,13,14,15,16,18,19,20,21,22,24,25,27,28,29,30,31,33,34,35,36,38,39,
130;0;690;744;1;1,3,5,6,7,9,10,11,13,14,15,16,18,19,20,21,22,25,27,28,29,30,31,32,33,34,35,36,38,39,
50;0;744;754;1;1,3,4,6,7,9,10,11,12,13,14,16,18,19,20,21,22,23,25,27,28,29,30,31,32,33,34,37,38,39,
112;0;754;767;1;1,2,3,4,6,7,9,10,11,12,13,14,16,18,21,22,25,26,27,28,29,30,31,32,33,34,35,37,38,39,
85;0;767;794;1;1,2,4,7,9,10,11,12,13,14,16,18,19,21,22,23,25,26,27,28,29,30,31,32,34,35,36,37,38,39,
88;0;794;799;1;1,2,4,5,7,9,10,11,12,13,14,16,17,18,19,21,22,23,26,27,28,29,30,31,32,34,35,36,38,39,
160;0;799;838;1;0,1,2,3,4,7,9,10,11,12,13,14,17,18,21,22,23,24,26,27,28,29,30,31,32,34,35,36,38,39,
146;0;838;887;1;0,3,4,6,7,8,9,10,11,12,13,14,17,18,21,22,23,24,26,27,28,29,30,31,32,34,35,36,38,39,
155;0;887;942;1;0,3,4,6,7,8,9,10,11,12,13,14,17,18,19,21,22,23,24,26,27,28,29,30,31,32,34,36,38,39,
173;0;942;961;1;0,4,5,6,7,8,9,10,11,12,13,14,17,18,19,21,22,23,24,26,27,28,29,30,31,32,33,34,36,39,
42;0;961;1004;1;0,2,4,5,6,7,9,10,11,12,13,14,16,17,18,19,21,23,24,26,27,28,29,30,31,32,33,34,36,38,
179;0;1004;1025;1;0,2,3,4,5,6,7,9,10,11,12,13,14,16,17,18,19,21,23,26,27,28,29,30,31,32,33,34,36,38,
Machine: 4
49;0;0;16;1;0,1,2,5,7,10,11,13,14,15,16,17,18,20,21,22,23,24,26,27,28,29,32,33,34,35,36,37,38,39,
69;0;16;53;1;0,1,2,5,6,7,9,10,11,14,15,16,17,18,19,20,21,22,23,24,26,27,28,32,33,34,35,36,38,39,
54;0;53;101;1;0,1,2,5,6,8,9,10,11,12,14,15,16,17,19,20,21,23,24,26,27,28,30,31,32,33,35,36,38,39,
199;0;101;116;1;0,1,2,4,5,6,8,9,11,12,13,14,15,16,19,20,23,24,25,26,27,28,29,30,31,32,33,36,37,39,
174;0;116;141;1;1,2,4,5,6,7,8,9,11,12,13,14,15,16,18,20,23,24,25,26,27,28,29,30,31,32,34,36,37,38,
37;0;141;190;1;1,2,3,4,5,6,7,8,9,11,12,13,14,15,16,18,20,22,23,24,25,27,28,29,30,31,32,35,36,37,
154;0;190;248;1;1,2,3,4,5,6,7,8,9,11,12,13,14,15,18,20,22,23,24,25,27,28,29,30,31,32,35,36,37,39,
144;0;248;253;1;0,1,3,4,5,6,7,8,9,11,12,13,14,15,18,19,20,21,22,23,24,26,28,29,30,31,32,35,37,39,
0;0;253;310;1;0,1,4,5,6,8,9,10,12,13,14,15,18,19,20,21,22,23,25,26,27,29,30,31,32,35,36,37,38,39,
95;0;310;322;1;0,5,6,8,9,10,12,13,14,15,17,18,19,20,21,22,23,25,26,27,29,30,31,32,33,35,36,37,38,39,
75;0;322;370;1;3,5,6,8,9,10,13,15,17,18,19,20,21,22,23,25,26,27,28,29,30,31,32,33,34,35,36,37,38,39,
108;0;370;423;1;3,5,6,8,10,11,13,15,17,18,19,20,21,22,23,25,26,27,28,29,30,31,32,33,34,35,36,37,38,39,
177;0;423;469;1;1,3,4,6,8,10,11,13,15,16,17,18,19,20,21,22,23,25,26,27,28,29,31,32,33,35,36,37,38,39,
111;0;469;521;1;1,3,4,6,7,8,10,11,13,15,16,17,18,19,20,21,22,23,25,27,28,29,31,32,33,35,36,37,38,39,
182;0;521;555;1;0,1,3,4,6,7,8,9,10,11,13,14,15,16,17,18,19,20,21,22,24,28,29,31,32,34,36,37,38,39,
183;0;555;606;1;0,1,3,4,6,7,8,9,10,11,13,14,15,16,17,18,19,20,21,22,23,24,29,32,33,34,35,36,37,38,
28;0;606;643;1;0,1,2,3,4,6,7,8,9,10,11,12,13,14,15,16,17,18,19,20,21,22,23,24,32,33,34,35,37,38,
93;0;643;698;1;0,1,2,3,4,5,7,8,9,10,11,12,13,15,16,17,18,19,20,21,22,23,24,30,32,33,34,35,37,38,
36;0;698;754;1;0,1,2,3,4,5,7,8,9,10,11,12,15,17,18,19,20,21,22,23,24,26,27,28,29,30,32,33,35,37,
115;0;754;807;1;1,2,3,4,5,7,8,9,10,11,12,14,17,18,19,20,22,23,24,25,26,29,31,32,33,34,35,36,37,38,
142;0;807;865;1;1,2,3,4,5,7,9,10,11,12,13,16,17,18,19,20,22,23,24,25,26,28,29,31,34,35,36,37,38,39,
156;0;865;909;1;0,1,2,3,4,7,10,11,12,13,16,17,18,19,20,22,23,24,25,27,28,29,30,31,34,35,36,37,38,39,
19;0;909;921;1;0,1,2,3,4,7,10,11,12,13,16,17,18,19,20,22,23,24,25,28,29,30,31,33,34,35,36,37,38,39,
17;0;921;927;1;0,1,2,3,4,7,10,11,13,15,17,18,19,20,21,23,24,25,28,29,30,31,32,33,34,35,36,37,38,39,
59;0;927;981;1;0,1,2,3,4,5,6,7,9,10,11,15,17,19,20,21,23,24,25,28,29,31,32,33,34,35,36,37,38,39,
78;0;981;988;1;0,2,3,4,5,6,7,9,10,11,14,15,16,17,19,20,21,22,23,24,25,26,27,30,31,32,35,36,37,39,
122;0;988;1040;1;0,2,3,4,5,6,7,8,10,11,13,14,15,16,17,18,19,20,21,23,24,25,26,27,30,31,35,36,37,39,
63;0;1040;1053;1;0,2,3,4,6,8,10,11,12,13,14,15,16,17,18,19,20,23,24,25,26,27,28,29,30,31,33,35,37,39,
157;0;1053;1100;1;0,2,3,4,6,8,12,13,14,15,16,17,18,19,20,22,23,24,25,26,28,29,30,31,33,34,35,37,38,39,
145;0;1100;1125;1;0,2,3,4,8,12,13,14,15,16,17,18,19,20,22,23,24,25,26,28,29,30,31,32,33,34,35,37,38,39,
27;0;1125;1163;1;0,2,3,4,5,7,8,12,13,14,15,16,17,18,19,20,23,24,25,26,28,29,30,31,32,33,34,35,38,39,
101;0;1163;1218;1;0,2,3,4,5,7,8,10,11,12,13,14,16,17,18,19,20,23,24,25,26,27,28,29,30,32,34,35,38,39,
4;0;1218;1264;1;0,1,2,3,4,5,7,8,10,11,12,13,14,16,17,18,19,20,21,22,23,24,25,26,30,32,34,35,38,39,
Machine: 5
64;0;0;23;1;2,3,5,6,7,8,11,12,15,16,17,19,20,22,23,24,25,26,28,29,30,31,32,33,34,35,36,37,38,39,
86;0;23;71;1;2,3,5,6,7,8,11,12,15,16,17,19,20,22,23,24,25,26,28,29,30,31,32,33,34,35,36,37,38,39,
65;0;71;113;1;1,2,3,5,6,7,8,11,12,13,16,19,20,22,23,24,25,26,28,29,30,31,32,33,34,35,36,37,38,39,
91;0;113;136;1;1,2,3,6,7,8,11,12,13,14,16,19,20,21,22,23,24,25,26,28,29,30,31,32,33,34,35,36,37,38,
123;0;136;151;1;1,2,3,6,7,8,11,12,13,14,16,19,20,21,22,23,24,25,26,28,29,30,31,32,33,34,35,36,37,38,
15;0;151;198;1;0,1,2,3,6,7,8,10,11,12,13,14,16,20,21,22,23,24,25,26,27,28,29,30,31,32,33,34,36,38,
150;0;198;217;1;0,1,2,3,5,6,7,8,10,11,12,13,14,15,16,21,22,23,24,25,26,28,29,30,31,33,34,35,36,38,
74;0;217;262;1;0,1,2,3,5,6,7,8,9,10,11,12,13,15,16,21,22,23,24,25,26,28,29,30,31,33,34,35,36,38,
131;0;262;299;1;0,1,2,3,5,6,7,8,9,10,11,12,13,15,16,18,21,22,23,24,25,26,28,29,30,33,34,35,36,38,
33;0;299;316;1;0,1,2,3,5,6,7,8,9,10,12,13,15,16,18,19,22,23,24,25,26,28,29,30,33,34,35,36,37,38,
113;0;316;375;1;0,1,3,5,6,7,8,9,10,12,13,15,16,17,18,22,25,26,27,28,29,30,31,33,34,35,36,37,38,39,
129;0;375;423;1;0,1,2,3,5,6,7,8,9,12,13,14,16,17,19,22,25,26,27,28,29,30,31,33,34,35,36,37,38,39,
31;0;423;428;1;0,1,2,3,5,6,7,8,9,11,12,13,14,16,17,19,21,23,24,26,28,29,30,31,33,34,35,36,38,39,
1;0;428;463;1;0,1,2,3,5,6,7,8,9,11,12,13,15,16,17,19,20,21,23,24,26,28,29,30,31,33,34,35,36,39,
166;0;463;492;1;0,2,4,5,6,7,8,9,10,11,12,13,15,16,17,19,20,21,23,25,26,28,29,30,31,32,33,34,36,37,
139;0;492;528;1;0,2,4,5,6,7,8,9,10,11,12,13,15,16,18,19,20,21,23,25,26,28,29,30,31,32,33,34,36,37,
107;0;528;568;1;0,1,4,5,6,7,8,9,12,13,14,15,16,18,19,20,21,24,25,26,28,30,31,33,34,35,36,37,38,39,
32;0;568;590;1;0,3,4,5,6,7,8,9,12,13,14,15,16,19,20,21,23,24,25,26,28,29,31,33,34,35,36,37,38,39,
3;0;590;620;1;2,3,4,5,6,7,8,9,10,12,13,14,15,16,19,20,21,22,23,24,25,26,28,29,32,33,34,36,38,39,
163;0;620;622;1;1,2,3,4,5,6,8,9,10,11,13,14,15,16,19,20,21,22,23,24,25,26,28,29,32,33,34,36,38,39,
48;0;622;668;1;1,2,3,4,5,6,9,10,11,13,14,15,16,17,19,20,22,23,26,28,29,30,32,33,34,35,36,37,38,39,
56;0;668;677;1;1,2,3,4,5,6,9,10,11,14,15,16,17,18,19,20,22,23,24,26,29,30,32,33,34,35,36,37,38,39,
195;0;677;716;1;0,1,2,4,6,7,9,10,11,12,14,15,16,17,18,19,20,22,23,24,26,27,29,32,33,35,36,37,38,39,
70;0;716;755;1;0,1,2,4,6,7,8,9,10,11,12,14,15,17,18,19,20,22,23,24,26,27,29,32,33,35,36,37,38,39,
192;0;755;807;1;0,1,2,4,6,7,8,9,10,11,12,14,15,18,19,21,22,23,24,26,27,29,30,31,32,33,35,36,37,38,
96;0;807;813;1;0,1,2,3,4,6,7,8,9,10,11,12,14,15,18,19,21,22,23,24,26,27,28,29,30,32,35,36,37,38,
194;0;813;870;1;0,1,2,3,4,5,6,7,8,10,11,12,13,14,15,18,19,21,22,24,26,27,28,29,30,32,35,36,37,38,
100;0;870;911;1;0,1,2,3,4,5,6,7,8,10,11,12,13,15,18,19,21,22,24,25,26,27,28,29,30,32,33,34,35,38,
198;0;911;944;1;0,1,2,3,4,5,6,7,8,10,11,12,13,14,15,18,19,21,22,24,25,26,28,30,31,32,33,34,35,38,
106;0;944;951;1;0,1,2,3,4,5,6,7,8,10,11,12,13,15,18,19,21,22,23,24,25,26,28,30,31,32,33,34,35,38,
82;0;951;965;1;1,2,4,5,6,7,8,9,10,11,12,13,15,17,18,19,21,22,23,24,25,28,30,31,32,33,34,35,38,39,
188;0;965;982;1;1,2,4,5,6,7,8,9,10,11,12,13,15,19,20,22,23,24,25,28,29,30,31,32,33,34,35,36,38,39,
170;0;982;1032;1;2,4,5,6,7,8,9,10,11,12,13,14,15,16,19,20,22,23,24,25,28,29,30,31,32,34,35,36,38,39,
END
fineshedJobsCount: 200
switchs: 547
switchsInstances: 189
unfineshedPriorityCount: 0
totalUnfineshed: 0
criticalMachineSwitchs: 100
criticalMachineTime: 1264
Final Solution: -547
Time: 7349
PTL: 190
MCMC: 31
Best Initial: -916
Mean Initial: -931.909
