./input/BeezaoRaw/IPMTC-II/instanceLarge958_m=6_n=200_l=40_c=30_s=0.PMTC;
1965;1965;1440
Machine: 0
59;0;0;51;1;0,1,2,4,5,6,7,8,9,10,11,15,17,19,20,21,23,24,25,28,29,31,32,33,34,35,36,37,38,39,
43;0;51;56;1;0,1,2,4,5,6,7,8,9,10,11,13,14,15,20,21,22,23,24,25,27,28,31,32,33,34,35,36,37,39,
67;0;56;104;1;0,1,2,3,4,5,6,7,8,9,10,11,13,14,15,18,20,21,22,23,24,25,27,28,31,32,34,35,37,39,
130;0;104;152;1;1,3,4,5,6,7,8,9,10,11,13,14,15,18,20,21,22,23,25,27,28,29,30,31,32,34,35,36,37,38,
133;0;152;192;1;1,3,4,5,6,7,8,9,10,11,13,14,15,17,18,20,21,22,23,25,27,29,30,31,32,34,35,36,37,38,
30;0;192;204;1;0,1,3,4,5,6,7,8,9,10,11,12,13,14,15,17,21,22,23,25,26,29,30,31,32,33,34,35,36,38,
102;0;204;254;1;0,1,2,3,5,6,7,8,9,11,12,13,14,15,16,21,22,24,25,26,29,30,31,32,33,34,35,36,38,39,
150;0;254;282;1;0,1,2,3,5,6,7,8,9,11,12,13,14,15,16,21,22,24,25,26,28,29,30,31,32,33,34,35,36,38,
126;0;282;323;1;0,1,2,3,5,6,7,8,9,11,12,13,14,16,21,22,24,25,26,27,28,29,30,31,32,33,34,35,37,38,
171;0;323;370;1;0,1,2,3,4,5,6,7,8,9,11,12,13,14,16,17,18,21,22,25,26,27,28,29,30,32,33,34,35,38,
47;0;370;427;1;0,1,2,3,4,6,7,8,9,11,12,14,16,17,18,20,21,22,25,26,27,29,30,32,33,34,35,37,38,39,
112;0;427;477;1;1,2,3,4,6,7,9,10,11,12,13,14,16,18,21,22,25,26,27,28,29,30,31,32,33,34,35,37,38,39,
137;0;477;495;1;1,2,3,4,5,6,7,9,10,11,12,13,14,15,18,21,22,23,25,26,28,29,30,31,33,34,35,37,38,39,
96;0;495;504;1;1,2,3,4,5,6,7,8,9,10,11,12,13,14,15,18,22,23,25,26,27,28,29,30,31,33,34,35,37,38,
198;0;504;535;1;0,1,2,3,4,5,6,7,8,9,10,12,13,14,15,18,22,24,25,26,27,28,29,30,31,32,33,34,35,38,
37;0;535;544;1;1,2,3,4,5,6,7,8,9,10,12,13,14,15,16,18,22,24,25,26,27,28,29,30,31,32,34,35,37,38,
45;0;544;552;1;1,2,3,4,5,7,8,9,10,12,13,14,15,16,18,22,24,25,26,27,28,29,30,31,32,34,35,37,38,39,
62;0;552;559;1;1,2,3,4,5,7,8,9,12,13,14,15,16,18,19,21,22,24,25,26,27,28,29,31,32,34,36,37,38,39,
118;0;559;612;1;1,3,5,7,8,9,11,13,14,15,16,18,19,20,21,22,24,25,27,28,29,31,32,33,34,35,36,37,38,39,
182;0;612;649;1;0,1,3,5,6,7,8,9,10,11,13,14,15,16,17,18,19,20,21,22,24,28,29,31,32,34,36,37,38,39,
93;0;649;686;1;1,2,3,4,5,6,7,8,9,10,11,12,13,15,16,17,20,21,22,28,30,31,32,33,34,35,36,37,38,39,
121;0;686;728;1;1,2,3,4,5,6,7,8,9,10,11,12,13,15,16,20,21,22,25,28,30,31,32,33,34,35,36,37,38,39,
51;0;728;782;1;1,2,3,4,5,6,7,8,10,11,12,13,14,15,16,19,20,21,22,25,27,28,30,31,32,33,34,36,37,39,
58;0;782;828;1;1,3,4,5,6,7,8,10,11,13,15,16,19,20,21,22,23,24,25,26,27,28,30,32,33,34,36,37,38,39,
10;0;828;862;1;0,1,3,4,5,6,7,8,10,11,13,15,16,19,20,21,22,23,24,25,26,27,28,30,32,34,36,37,38,39,
8;0;862;897;1;0,1,2,3,4,5,6,7,8,9,10,11,12,15,16,19,21,22,23,25,26,27,28,31,32,34,36,37,38,39,
87;0;897;922;1;0,1,2,3,4,5,6,7,8,11,12,14,15,16,19,21,22,23,24,25,26,27,28,31,32,34,35,37,38,39,
144;0;922;955;1;0,1,2,3,4,5,6,7,8,11,12,13,14,15,18,19,20,21,22,23,24,26,28,29,30,31,32,35,37,39,
178;0;955;962;1;0,1,2,3,4,5,6,7,8,10,11,12,14,15,16,17,18,19,20,21,22,23,24,26,27,29,30,32,37,39,
36;0;962;973;1;0,1,2,3,4,5,7,8,9,10,11,12,15,17,18,19,20,21,22,23,24,26,27,28,29,30,32,33,35,37,
17;0;973;982;1;0,1,2,3,4,5,7,9,10,11,13,15,17,18,19,20,21,22,23,24,26,27,29,30,32,33,34,36,37,39,
69;0;982;1014;1;0,1,2,3,4,5,6,7,9,10,11,13,15,17,18,19,20,21,22,23,24,26,27,28,29,32,33,34,36,39,
155;0;1014;1035;1;0,1,2,3,4,5,6,9,10,11,12,13,14,15,17,18,19,21,22,23,24,27,28,29,32,33,34,36,38,39,
29;0;1035;1072;1;0,1,2,3,4,5,6,8,9,10,11,12,14,15,17,18,21,22,23,24,27,28,29,32,33,34,35,36,38,39,
Machine: 1
91;0;0;33;1;0,1,2,6,7,8,10,11,12,13,14,16,19,20,21,22,23,24,25,26,28,29,30,31,32,33,34,35,36,38,
15;0;33;68;1;0,1,2,6,7,8,10,11,12,13,14,16,20,21,22,23,24,25,26,27,28,29,30,31,32,33,34,35,36,38,
106;0;68;80;1;0,1,2,3,4,6,7,8,10,11,12,13,14,15,16,20,21,23,24,25,26,28,29,30,31,32,33,34,35,38,
119;0;80;105;1;0,1,2,3,4,6,7,8,9,10,11,12,13,14,16,17,19,21,23,24,25,26,28,29,30,31,33,34,35,38,
31;0;105;113;1;0,1,2,3,4,6,7,9,10,11,12,13,14,16,17,19,21,23,24,25,26,28,29,30,31,33,34,35,38,39,
12;0;113;122;1;1,3,4,5,6,7,9,10,11,12,13,14,17,18,19,20,21,23,24,25,26,28,30,31,33,34,35,37,38,39,
122;0;122;136;1;1,3,4,5,6,7,8,10,11,12,13,14,17,18,19,20,21,23,24,25,26,27,30,31,34,35,36,37,38,39,
60;0;136;143;1;0,1,3,4,5,6,8,10,11,12,13,14,15,16,17,18,19,20,21,23,24,25,26,27,30,31,34,36,38,39,
189;0;143;148;1;0,1,2,3,4,5,6,8,10,11,12,13,14,15,16,17,18,19,20,21,23,24,25,27,30,31,34,36,38,39,
92;0;148;179;1;0,1,2,3,4,6,7,8,10,12,13,14,15,16,17,18,19,20,21,23,24,25,27,29,30,31,34,37,38,39,
28;0;179;219;1;0,1,2,3,4,6,7,8,9,10,12,13,14,15,16,17,18,19,20,21,23,24,25,30,31,32,34,35,38,39,
98;0;219;249;1;0,1,2,3,4,6,7,8,9,12,13,14,15,16,17,18,19,21,23,24,25,28,30,31,32,33,34,35,38,39,
82;0;249;286;1;0,1,2,3,4,6,7,8,9,12,13,14,15,16,17,18,19,21,22,24,25,28,30,31,32,33,34,35,38,39,
157;0;286;323;1;0,1,2,3,6,7,8,9,12,13,14,15,16,17,18,19,21,22,24,25,28,29,30,31,33,34,35,37,38,39,
193;0;323;382;1;1,2,3,6,7,8,9,12,13,14,15,17,18,19,20,21,22,23,24,26,27,28,29,30,31,33,34,37,38,39,
117;0;382;396;1;2,3,6,7,8,9,10,12,13,14,15,17,18,19,20,21,22,23,24,26,27,28,29,30,32,34,36,37,38,39,
11;0;396;446;1;2,4,5,6,7,8,10,12,13,15,18,19,20,21,22,23,24,26,27,28,29,30,31,32,34,35,36,37,38,39,
21;0;446;482;1;0,2,4,5,6,7,9,12,13,15,18,19,20,21,22,23,25,27,28,29,30,31,32,33,34,35,36,37,38,39,
99;0;482;488;1;0,2,4,5,6,7,9,11,12,13,14,15,18,19,20,21,22,23,25,27,28,29,30,31,32,33,35,36,37,38,
111;0;488;519;1;2,3,4,6,7,8,9,11,12,13,14,15,16,19,20,21,22,23,25,27,28,29,30,31,32,33,35,36,37,38,
39;0;519;537;1;2,4,6,7,8,9,11,12,13,14,15,16,17,19,22,23,24,25,27,28,29,30,31,32,33,34,35,36,37,38,
85;0;537;547;1;1,2,4,6,7,8,9,11,12,13,14,16,17,19,22,23,25,26,27,28,29,31,32,33,34,35,36,37,38,39,
163;0;547;585;1;1,2,4,5,6,7,8,9,11,12,13,16,17,19,20,21,22,23,25,26,27,28,29,31,32,33,34,36,38,39,
34;0;585;586;1;1,4,5,6,7,8,11,12,13,16,17,19,20,21,22,23,24,25,26,27,28,29,30,31,32,33,34,36,38,39,
177;0;586;613;1;1,4,5,6,7,8,11,12,13,15,16,17,19,20,21,22,23,24,25,26,27,28,29,30,31,32,33,36,37,39,
199;0;613;639;1;0,1,2,4,5,6,7,8,9,12,13,14,15,19,20,22,23,24,25,26,27,28,29,30,31,32,33,36,37,39,
134;0;639;663;1;0,1,3,4,5,6,7,8,9,10,12,13,14,15,19,20,22,24,25,26,27,28,29,30,31,33,35,36,37,39,
107;0;663;700;1;0,1,4,5,6,7,8,9,12,13,14,15,16,18,19,20,21,24,25,26,28,30,31,33,34,35,36,37,38,39,
32;0;700;717;1;0,3,4,5,6,7,8,9,12,13,14,15,16,19,20,21,23,24,25,26,28,29,31,33,34,35,36,37,38,39,
3;0;717;742;1;0,2,3,4,5,6,7,8,9,10,12,13,14,15,16,19,20,21,22,23,24,25,26,28,29,32,33,35,36,39,
74;0;742;795;1;0,2,3,4,5,6,7,8,9,10,12,13,15,16,19,20,21,22,23,24,25,26,28,29,30,32,33,35,36,39,
191;0;795;851;1;0,2,3,4,5,6,7,12,13,15,16,17,19,20,22,23,24,25,26,28,29,30,31,32,33,34,35,36,38,39,
188;0;851;886;1;1,2,3,4,5,6,7,12,13,15,16,17,19,20,22,23,24,25,26,28,29,30,31,32,33,34,35,36,38,39,
64;0;886;940;1;1,2,3,4,5,6,7,12,13,15,16,17,19,20,22,23,24,25,26,28,29,30,31,32,33,34,35,36,38,39,
Machine: 2
184;0;0;21;1;0,1,2,4,5,6,8,9,10,11,12,13,14,15,16,17,18,19,23,25,28,29,30,32,34,35,36,37,38,39,
80;0;21;32;1;1,2,4,5,6,8,9,10,11,12,13,14,15,16,17,18,19,21,22,23,24,25,28,29,30,32,34,36,37,38,
170;0;32;79;1;2,4,5,6,7,8,9,10,11,12,13,14,15,16,19,20,22,23,24,25,28,29,30,31,32,34,35,36,38,39,
18;0;79;138;1;2,3,4,5,6,7,8,9,10,11,12,13,14,15,16,17,19,20,22,23,24,25,27,29,30,31,32,34,36,39,
25;0;138;151;1;2,3,4,5,6,7,8,9,10,11,12,13,14,15,16,17,19,20,22,23,24,25,29,30,31,33,34,36,37,39,
136;0;151;177;1;0,2,3,4,5,6,7,8,9,10,11,12,13,14,15,16,17,19,20,22,23,24,25,28,31,33,34,36,37,39,
128;0;177;203;1;0,2,3,4,6,7,8,9,10,11,13,16,17,19,20,22,23,24,25,26,27,28,31,32,33,34,35,36,37,39,
124;0;203;240;1;0,1,2,3,4,6,7,8,9,10,11,12,13,15,16,17,19,20,23,24,25,26,27,28,31,32,33,35,36,39,
26;0;240;293;1;0,1,2,3,4,5,6,7,8,9,10,11,12,13,14,15,16,17,19,20,24,25,27,28,30,32,33,35,36,39,
101;0;293;311;1;0,1,3,4,5,6,7,8,9,10,11,12,13,14,15,16,17,18,20,24,25,27,28,29,30,32,33,35,36,39,
77;0;311;356;1;0,1,3,4,6,7,9,10,11,12,13,15,16,17,20,22,24,25,27,28,29,30,31,32,33,34,35,36,38,39,
94;0;356;395;1;0,1,3,4,6,7,9,10,11,12,13,14,15,16,17,18,19,21,22,24,25,27,28,30,31,32,33,36,38,39,
195;0;395;402;1;0,1,4,6,7,9,10,11,12,13,14,15,16,17,18,19,20,21,22,24,26,27,29,31,32,33,36,37,38,39,
79;0;402;417;1;0,1,2,4,5,7,8,9,10,11,12,13,14,15,16,17,18,19,20,21,24,27,29,31,32,33,36,37,38,39,
185;0;417;435;1;0,1,2,3,4,5,7,8,9,10,12,13,14,15,16,17,18,19,20,21,25,27,29,32,33,34,36,37,38,39,
55;0;435;459;1;0,1,2,3,4,5,7,9,12,13,14,15,16,17,18,19,20,21,25,26,27,29,32,33,34,35,36,37,38,39,
6;0;459;465;1;0,1,2,3,4,5,6,7,9,12,13,14,15,16,17,18,20,21,26,27,29,30,32,33,34,35,36,37,38,39,
71;0;465;482;1;0,1,2,3,4,5,7,11,12,13,14,15,16,17,18,20,21,23,24,26,27,29,30,32,33,34,36,37,38,39,
105;0;482;528;1;0,2,4,7,11,12,13,14,15,16,17,18,19,21,22,23,24,26,27,28,29,30,31,32,33,34,35,36,38,39,
72;0;528;543;1;0,1,2,4,6,7,11,12,14,15,16,17,18,19,20,21,22,23,24,27,29,30,31,32,33,34,36,37,38,39,
175;0;543;596;1;0,1,2,4,5,6,7,11,12,14,15,16,17,18,19,20,21,22,23,24,27,29,30,31,32,33,34,36,37,39,
190;0;596;616;1;0,1,2,4,5,6,7,8,10,11,12,15,16,17,18,19,20,22,23,24,25,27,29,30,31,32,33,34,36,37,
127;0;616;652;1;0,1,2,4,6,7,8,9,10,11,12,15,16,17,18,19,20,22,23,24,25,27,29,30,31,32,33,34,36,37,
14;0;652;700;1;0,1,2,4,8,10,11,12,13,14,15,16,17,18,20,22,23,24,25,27,28,29,30,31,32,33,34,37,38,39,
135;0;700;746;1;0,1,2,4,8,10,11,12,13,14,15,16,17,18,20,22,23,24,25,27,28,29,30,31,32,34,35,37,38,39,
145;0;746;747;1;0,1,2,3,4,8,10,11,12,13,14,15,16,17,18,20,22,23,25,26,27,29,30,31,32,34,35,37,38,39,
176;0;747;766;1;0,1,2,3,4,8,10,11,12,13,14,16,17,18,20,21,22,23,25,26,27,29,30,31,32,34,35,37,38,39,
156;0;766;801;1;0,1,2,3,4,7,8,10,11,12,13,14,16,17,18,20,22,23,24,25,27,29,30,31,32,34,35,36,37,39,
154;0;801;819;1;0,1,2,3,6,7,8,9,10,11,12,13,14,16,17,18,20,23,24,25,27,28,29,30,32,34,35,36,37,39,
68;0;819;825;1;0,1,3,6,7,8,9,10,11,12,13,14,16,17,18,19,20,23,24,25,26,27,28,29,30,32,34,35,36,37,
120;0;825;878;1;1,3,4,5,6,7,8,9,10,11,12,14,16,17,19,20,22,23,24,25,26,27,28,29,30,32,34,35,37,39,
35;0;878;890;1;1,2,3,4,5,6,7,8,9,10,11,12,14,16,19,22,23,24,25,26,27,28,29,30,31,32,34,35,36,37,
129;0;890;935;1;1,2,3,4,5,6,7,8,9,10,11,12,14,16,19,22,23,24,25,26,27,28,29,30,31,32,34,35,36,37,
Machine: 3
104;0;0;57;1;1,2,3,4,5,6,8,9,10,11,12,13,14,15,16,18,20,21,22,24,26,29,31,33,34,35,36,37,38,39,
103;0;57;82;1;0,2,3,4,5,6,8,9,10,11,12,13,14,15,16,17,18,19,20,21,22,23,24,25,26,29,31,33,37,39,
196;0;82;90;1;0,2,3,5,6,8,9,10,11,12,13,14,15,16,17,18,20,21,22,23,25,27,28,29,31,34,35,37,38,39,
49;0;90;138;1;0,1,2,5,7,10,11,13,14,15,16,17,18,20,21,22,23,24,26,27,28,29,32,33,34,35,36,37,38,39,
53;0;138;170;1;0,1,2,4,6,7,8,10,11,13,14,15,16,17,19,20,21,22,24,26,27,29,30,32,33,34,35,37,38,39,
52;0;170;223;1;0,1,2,4,6,7,8,10,11,13,14,15,16,17,19,20,21,22,24,26,27,30,31,32,33,34,35,37,38,39,
76;0;223;270;1;0,1,2,3,4,7,8,9,10,11,13,14,15,16,17,19,20,21,22,24,25,26,27,30,31,32,33,34,35,38,
44;0;270;304;1;0,1,2,3,4,7,8,9,10,11,13,14,15,16,17,18,19,20,21,22,24,25,26,27,30,31,34,35,36,37,
38;0;304;328;1;0,1,2,3,4,7,8,10,11,13,14,15,16,17,18,19,20,21,22,23,24,25,26,27,30,34,35,36,37,39,
1;0;328;342;1;0,1,2,3,7,8,10,11,12,13,14,15,16,17,18,19,20,21,22,23,24,25,26,27,28,30,34,35,36,39,
4;0;342;389;1;0,1,2,3,5,7,8,10,11,12,13,14,16,17,18,19,20,21,22,23,24,25,26,30,32,34,35,36,38,39,
65;0;389;390;1;0,1,3,5,6,7,8,10,11,12,13,14,17,19,20,21,22,23,24,25,26,29,30,31,32,34,35,36,38,39,
152;0;390;441;1;0,1,3,6,7,8,9,10,12,13,14,15,17,19,20,21,22,23,24,25,26,27,29,30,31,32,34,35,36,38,
160;0;441;470;1;0,1,2,3,4,7,9,10,12,13,14,15,17,18,19,21,22,23,24,26,27,29,30,31,32,34,35,36,38,39,
78;0;470;499;1;0,1,2,3,4,7,9,10,11,12,13,14,15,16,17,18,19,21,22,23,24,26,27,30,31,32,34,37,38,39,
165;0;499;505;1;0,1,2,3,4,7,9,10,11,12,13,16,17,18,19,21,23,24,25,26,27,28,30,31,32,33,34,37,38,39,
42;0;505;521;1;0,2,4,5,6,7,9,10,11,12,13,16,17,18,19,21,23,24,26,27,28,29,30,31,32,33,34,37,38,39,
109;0;521;522;1;0,2,4,5,6,7,9,10,11,12,13,16,17,18,20,21,23,24,26,27,28,29,30,31,32,33,34,37,38,39,
97;0;522;563;1;0,2,3,4,5,7,8,10,11,12,14,15,16,17,20,21,23,24,26,27,28,29,30,31,32,33,36,37,38,39,
141;0;563;573;1;0,2,3,4,5,7,8,10,11,12,15,16,17,20,21,22,23,24,25,26,27,28,29,30,31,32,33,36,37,39,
7;0;573;600;1;0,2,3,4,5,7,8,10,11,12,15,16,17,20,22,23,24,25,26,27,28,29,30,31,32,33,34,35,36,37,
151;0;600;601;1;0,2,3,4,5,7,8,10,11,12,15,16,17,19,20,22,24,25,26,27,28,29,30,31,32,33,34,35,36,37,
110;0;601;634;1;2,3,4,5,6,7,8,9,11,15,16,17,18,19,20,22,24,26,27,28,29,30,31,32,33,34,35,36,37,39,
83;0;634;670;1;2,3,4,5,6,7,8,9,11,12,13,15,16,17,18,19,20,21,22,25,26,27,28,30,31,32,33,34,35,39,
5;0;670;714;1;0,1,2,4,5,6,7,8,9,11,12,13,15,16,17,18,19,20,21,22,23,25,26,27,28,30,31,32,34,35,
162;0;714;772;1;0,1,4,5,6,7,8,9,12,13,14,15,17,18,19,20,21,22,23,25,26,27,28,30,31,32,33,34,35,36,
164;0;772;798;1;1,3,4,5,7,8,9,10,12,13,14,15,18,19,20,21,22,23,26,27,28,30,31,32,33,34,35,36,37,39,
148;0;798;850;1;1,3,4,5,7,8,9,10,11,12,13,14,18,19,20,21,22,23,26,27,28,29,31,32,33,34,35,36,37,39,
115;0;850;890;1;1,2,3,4,5,7,8,9,10,11,12,13,14,17,18,19,20,21,22,23,25,29,31,32,33,34,35,36,37,38,
166;0;890;918;1;1,2,4,5,6,8,9,10,11,12,13,14,16,17,18,19,20,21,23,25,28,29,30,31,32,33,34,36,37,38,
40;0;918;945;1;1,2,4,5,6,8,9,10,11,13,14,17,18,19,21,23,24,25,26,27,28,29,30,31,32,33,34,36,37,38,
153;0;945;983;1;1,2,4,6,9,10,11,13,14,15,17,18,19,20,21,23,24,25,26,27,28,29,30,31,33,34,36,37,38,39,
13;0;983;1006;1;1,2,4,6,9,10,11,12,13,14,15,16,17,18,19,20,21,23,24,25,26,27,28,30,31,33,34,35,37,38,
Machine: 4
2;0;0;1;1;0,1,2,4,5,6,7,8,9,10,13,14,15,16,17,20,21,22,23,24,26,27,28,30,31,34,36,37,38,39,
61;0;1;51;1;0,1,2,4,5,6,7,8,9,10,13,14,15,16,17,20,21,22,23,24,26,27,28,30,31,34,36,37,38,39,
24;0;51;70;1;0,1,2,3,4,6,8,9,10,13,16,17,19,20,21,22,23,24,25,26,27,28,31,33,34,35,36,37,38,39,
46;0;70;108;1;0,1,2,3,4,6,8,9,10,13,16,17,18,19,21,22,23,24,25,26,27,31,32,33,34,35,36,37,38,39,
70;0;108;123;1;0,1,2,4,6,7,8,9,10,11,12,15,16,17,18,19,21,22,23,24,26,27,31,32,33,35,36,37,38,39,
192;0;123;180;1;0,1,2,4,6,8,9,10,11,12,14,15,16,17,18,21,22,23,26,27,29,30,31,32,33,35,36,37,38,39,
54;0;180;184;1;0,1,2,4,6,8,9,10,11,12,14,15,16,17,18,20,21,22,26,27,28,29,30,31,32,33,35,36,38,39,
20;0;184;236;1;0,1,4,6,8,9,10,11,12,14,15,16,17,18,20,22,25,26,27,28,29,30,31,32,33,34,35,36,38,39,
159;0;236;249;1;0,1,3,4,5,6,8,10,11,12,14,15,16,17,18,20,22,23,25,26,27,28,30,31,32,33,34,36,38,39,
66;0;249;279;1;0,1,3,4,5,6,8,10,11,12,14,15,16,17,18,20,22,23,25,26,27,28,30,31,32,33,34,36,38,39,
41;0;279;287;1;0,1,3,4,5,6,7,8,10,11,12,14,17,18,19,20,22,23,25,27,28,30,31,32,33,35,36,37,38,39,
86;0;287;335;1;0,2,3,4,5,6,7,8,10,11,12,15,17,18,19,20,23,25,26,27,28,30,31,32,33,35,36,37,38,39,
143;0;335;392;1;0,3,4,5,6,7,8,10,11,12,13,17,18,19,20,23,24,25,26,27,28,30,31,32,33,35,36,37,38,39,
73;0;392;423;1;0,3,4,5,6,7,8,10,11,12,13,17,18,19,20,22,23,24,25,26,27,29,30,31,33,35,36,37,38,39,
63;0;423;433;1;0,3,4,5,6,7,10,11,12,13,14,16,17,18,19,20,23,24,25,26,27,28,29,30,31,33,36,37,38,39,
181;0;433;435;1;0,2,3,4,5,7,10,11,12,13,14,16,17,18,19,20,21,23,24,25,26,27,28,29,31,33,36,37,38,39,
90;0;435;460;1;0,1,2,3,4,5,7,10,11,12,13,14,16,18,19,20,21,24,25,26,28,29,31,33,34,35,36,37,38,39,
142;0;460;466;1;1,2,3,4,5,7,9,10,11,12,13,14,16,18,19,20,21,22,24,25,26,28,29,31,34,35,36,37,38,39,
167;0;466;472;1;1,2,3,4,5,7,9,10,11,12,13,14,16,18,19,20,21,22,24,25,27,28,29,31,34,35,36,37,38,39,
149;0;472;531;1;1,3,4,6,7,9,10,11,12,13,14,16,18,19,20,21,22,25,27,28,29,30,31,32,34,35,36,37,38,39,
50;0;531;586;1;1,3,4,7,9,10,11,12,13,14,16,18,19,20,21,22,23,25,27,28,29,30,31,32,33,34,36,37,38,39,
186;0;586;628;1;1,3,4,8,9,10,11,12,13,14,15,16,18,19,20,21,22,23,25,27,28,29,30,31,32,33,34,36,37,38,
123;0;628;671;1;1,2,3,9,10,11,12,13,14,15,16,18,19,20,21,22,23,25,27,28,29,30,31,32,33,34,35,36,37,38,
88;0;671;673;1;1,2,3,5,9,10,11,14,15,16,17,18,19,20,21,22,23,25,27,28,29,30,31,32,33,34,35,36,37,38,
56;0;673;682;1;1,2,3,5,6,9,10,11,14,15,16,17,18,19,20,21,22,23,24,28,29,30,31,32,33,34,35,36,37,38,
147;0;682;716;1;1,2,3,5,6,9,10,11,14,15,16,17,18,19,20,21,22,23,24,28,29,30,31,32,33,34,35,37,38,39,
158;0;716;769;1;1,2,3,5,6,7,8,9,10,11,14,15,16,17,18,19,20,21,22,23,24,28,29,30,31,32,33,35,38,39,
89;0;769;784;1;1,2,4,5,7,8,9,10,11,14,15,16,17,18,19,20,21,22,23,24,25,27,28,29,30,31,33,35,36,39,
168;0;784;787;1;1,2,4,5,7,8,9,10,11,14,15,16,17,18,19,20,21,22,23,24,25,27,28,29,30,33,34,35,36,39,
125;0;787;799;1;1,2,3,4,5,6,7,8,9,10,11,12,14,16,17,18,20,21,22,23,24,25,26,27,28,30,33,34,36,39,
180;0;799;804;1;0,1,2,3,4,5,6,7,9,10,12,14,16,17,18,20,21,22,23,24,25,26,27,28,29,34,36,37,38,39,
187;0;804;811;1;0,1,2,4,5,6,7,9,10,12,14,16,17,18,19,20,21,23,24,25,26,27,28,29,31,32,34,36,37,38,
174;0;811;823;1;0,1,2,4,5,6,7,9,10,11,12,13,14,16,17,18,19,20,23,24,25,26,27,30,31,32,34,36,37,38,
Machine: 5
114;0;0;12;1;0,1,3,5,6,7,8,9,10,11,12,13,14,15,16,18,19,20,22,23,24,26,27,30,33,34,35,37,38,39,
138;0;12;44;1;0,1,3,4,5,6,7,8,9,10,11,12,13,14,15,18,19,22,23,24,26,27,30,31,32,33,34,35,38,39,
173;0;44;64;1;0,3,4,5,6,7,8,9,10,11,12,13,14,18,19,22,23,24,26,27,28,29,30,31,32,33,34,35,36,39,
146;0;64;114;1;0,3,4,5,6,7,8,9,10,11,12,13,14,17,18,21,22,23,26,27,28,29,30,31,32,33,34,35,36,39,
179;0;114;140;1;0,2,3,4,5,6,7,8,9,10,12,13,14,17,18,22,23,26,27,28,29,30,31,32,33,34,35,36,38,39,
113;0;140;160;1;0,1,3,5,6,7,8,9,10,12,13,15,16,17,18,22,25,26,27,28,29,30,31,33,34,35,36,37,38,39,
27;0;160;193;1;0,1,3,4,5,6,7,8,10,12,13,15,16,17,18,22,23,25,26,27,28,29,30,31,32,33,34,35,36,38,
19;0;193;222;1;0,1,2,3,4,5,6,7,8,10,12,13,15,16,17,18,19,22,23,25,26,28,29,30,31,32,33,34,35,38,
140;0;222;243;1;0,1,2,3,4,5,6,7,8,10,12,13,15,16,17,18,19,22,24,25,26,28,29,30,31,32,33,34,35,38,
100;0;243;260;1;0,1,2,4,5,6,7,8,10,11,12,13,15,16,18,19,21,22,24,25,26,27,28,29,30,32,33,34,35,38,
131;0;260;297;1;0,1,2,5,6,7,8,10,11,12,13,15,16,18,19,21,22,23,24,25,26,27,28,29,30,33,34,35,36,38,
33;0;297;345;1;0,1,2,5,6,7,8,10,12,13,15,16,18,19,21,22,23,24,25,26,27,28,29,30,33,34,35,36,37,38,
169;0;345;356;1;0,1,2,5,6,8,9,10,12,13,14,15,16,18,19,21,22,23,24,25,26,27,29,30,33,34,35,36,38,39,
0;0;356;373;1;0,1,4,5,6,8,9,10,12,13,14,15,18,19,20,21,22,23,25,26,27,29,30,31,32,33,35,36,38,39,
95;0;373;429;1;0,4,5,6,8,9,10,12,13,14,15,17,18,19,21,22,23,25,26,27,29,30,31,32,33,35,36,37,38,39,
194;0;429;445;1;0,3,4,5,6,7,8,9,10,12,13,14,17,18,19,21,22,23,24,25,26,27,29,30,32,33,35,36,37,38,
116;0;445;503;1;0,2,3,4,5,6,7,8,9,10,11,12,14,17,18,19,21,22,23,25,26,29,30,32,33,34,35,36,37,38,
81;0;503;545;1;0,2,3,4,5,6,7,8,9,10,11,12,14,17,18,19,20,21,23,25,26,28,29,30,32,33,34,36,37,39,
139;0;545;584;1;0,2,3,4,5,7,8,9,10,11,12,15,16,17,18,19,20,21,23,25,26,28,29,30,32,33,34,36,37,39,
197;0;584;598;1;0,1,2,3,4,5,7,8,9,10,11,12,15,16,17,19,20,23,25,26,28,29,30,32,33,34,35,36,37,39,
84;0;598;646;1;0,1,2,3,4,5,7,8,10,11,13,15,16,17,19,20,22,23,26,27,28,29,30,31,32,33,34,35,36,38,
57;0;646;658;1;0,1,2,3,4,5,6,8,10,11,12,13,15,16,17,19,21,22,23,26,27,28,30,31,32,33,34,35,36,38,
183;0;658;676;1;0,1,2,3,4,6,8,9,10,11,13,14,15,16,17,19,20,21,22,23,26,28,29,30,32,33,34,35,36,38,
48;0;676;717;1;1,2,3,4,6,9,10,11,13,14,15,16,17,19,20,21,22,23,26,28,29,30,32,33,34,35,36,37,38,39,
22;0;717;755;1;1,2,3,4,6,11,12,13,14,15,16,17,18,19,20,21,22,23,25,26,28,29,30,32,33,35,36,37,38,39,
161;0;755;768;1;0,1,2,3,4,6,11,12,13,14,15,16,17,18,19,20,22,23,24,25,26,27,28,30,31,33,36,37,38,39,
9;0;768;819;1;0,1,2,3,6,7,8,10,11,12,13,14,15,16,17,18,19,20,22,23,24,25,26,27,28,30,31,36,38,39,
16;0;819;835;1;1,3,6,7,8,9,10,11,12,14,15,16,17,18,19,20,21,22,23,25,26,27,28,32,34,35,36,37,38,39,
108;0;835;879;1;3,5,6,7,8,9,10,11,12,15,17,18,19,20,21,22,23,25,26,27,28,30,31,32,34,35,36,37,38,39,
75;0;879;938;1;3,5,6,7,8,9,10,11,12,15,17,18,19,20,21,22,23,25,26,27,28,30,31,32,34,35,36,37,38,39,
172;0;938;952;1;0,3,5,7,8,9,10,12,14,15,17,18,20,21,22,23,24,25,26,27,28,29,31,32,33,35,36,37,38,39,
23;0;952;975;1;0,2,3,4,5,7,8,9,10,11,12,14,15,16,17,18,19,20,23,24,25,26,28,29,31,32,35,36,37,39,
132;0;975;1020;1;0,1,2,3,4,5,7,8,9,10,11,12,14,15,16,17,18,19,20,23,24,25,26,28,29,31,32,35,36,39,
END
fineshedJobsCount: 200
switchs: 552
switchsInstances: 189
unfineshedPriorityCount: 0
totalUnfineshed: 0
criticalMachineSwitchs: 100
criticalMachineTime: 1072
Final Solution: -552
Time: 7332
PTL: 199
MCMC: 50
Best Initial: -891
Mean Initial: -913.909
