./input/BeezaoRaw/IPMTC-II/instanceLarge959_m=6_n=200_l=40_c=30_s=1.PMTC;
1920;1920;1440
Machine: 0
83;0;0;36;1;0,1,2,3,4,5,6,7,8,9,11,12,13,17,18,19,20,21,22,25,26,27,28,30,31,32,33,34,35,39,
82;0;36;73;1;0,1,2,3,4,5,6,7,8,9,11,12,13,17,18,19,20,21,22,25,26,27,28,30,31,32,33,34,35,39,
124;0;73;110;1;0,1,2,3,4,5,7,8,9,11,12,13,15,16,17,19,20,21,22,23,25,26,27,28,31,32,33,35,36,39,
8;0;110;145;1;0,1,2,3,4,5,7,8,9,10,11,12,13,15,16,19,21,22,23,25,26,27,28,31,32,34,36,37,38,39,
62;0;145;152;1;1,2,3,4,5,7,8,9,10,12,13,14,15,16,19,21,22,24,25,26,27,28,29,31,32,34,36,37,38,39,
45;0;152;160;1;1,3,4,5,7,8,9,10,12,13,14,15,16,18,19,21,22,24,25,26,27,28,30,31,32,34,35,36,37,39,
167;0;160;166;1;1,3,4,5,7,8,9,10,11,12,13,14,15,16,18,19,21,22,24,25,26,27,28,30,31,34,35,36,37,39,
51;0;166;220;1;1,2,3,5,6,7,8,9,10,11,12,13,14,15,16,18,19,21,22,24,25,26,27,30,31,33,34,36,37,39,
44;0;220;254;1;1,2,3,5,6,7,8,9,10,11,12,13,14,15,16,17,18,21,22,24,25,26,27,30,31,33,34,36,37,39,
125;0;254;266;1;1,2,3,5,6,7,8,9,10,11,12,13,14,16,17,18,20,21,22,24,25,26,27,30,31,33,34,36,37,39,
131;0;266;303;1;0,1,2,3,5,6,7,8,10,11,12,13,14,16,18,21,22,23,24,25,26,29,30,31,33,34,35,36,37,38,
90;0;303;328;1;0,1,2,3,5,6,7,8,10,12,13,14,16,18,21,22,23,24,25,26,28,29,30,31,33,34,35,36,37,38,
150;0;328;356;1;0,1,2,3,5,6,7,8,10,12,13,14,15,16,21,22,23,24,25,26,28,29,30,31,33,34,35,36,37,38,
74;0;356;409;1;0,1,2,3,5,6,7,8,9,10,12,13,14,15,16,21,22,23,24,25,26,28,29,30,33,34,35,36,37,38,
197;0;409;423;1;0,1,2,3,4,5,6,7,8,9,10,12,14,15,16,19,21,22,23,24,25,26,28,33,34,35,36,37,38,39,
87;0;423;448;1;0,2,3,4,5,6,7,8,9,10,11,14,15,16,19,21,22,23,24,25,26,27,28,32,33,34,35,36,38,39,
69;0;448;480;1;0,2,4,5,6,7,8,9,10,11,14,15,18,19,20,21,22,23,24,25,26,27,28,32,33,34,35,36,38,39,
29;0;480;517;1;0,2,4,5,6,8,9,10,11,12,14,15,17,18,21,22,23,24,25,26,27,28,29,32,33,34,35,36,38,39,
141;0;517;527;1;0,2,4,5,6,8,9,10,11,12,14,15,17,21,22,23,24,25,26,28,29,30,31,32,33,34,35,36,38,39,
30;0;527;539;1;0,2,3,4,5,6,8,9,10,11,12,13,14,15,17,21,22,23,25,26,29,30,31,32,33,34,35,36,38,39,
95;0;539;595;1;0,2,5,6,8,9,10,12,13,14,15,17,18,19,21,22,23,25,26,27,29,30,31,32,33,35,36,37,38,39,
55;0;595;619;1;0,1,2,3,4,5,6,8,9,10,12,13,14,15,16,17,18,19,21,23,25,26,27,31,32,33,35,36,38,39,
46;0;619;657;1;0,1,2,3,6,8,9,10,12,13,14,15,16,17,18,19,21,23,24,25,26,27,31,32,33,34,35,36,38,39,
152;0;657;708;1;0,1,2,3,6,8,9,10,12,14,15,16,17,18,19,20,21,23,24,25,26,27,31,32,33,34,35,36,38,39,
187;0;708;715;1;0,1,2,3,4,5,6,7,9,10,12,14,16,17,18,19,20,21,23,24,25,26,27,28,29,31,32,34,36,38,
180;0;715;720;1;0,1,2,3,4,5,6,7,9,10,12,14,16,17,18,20,21,22,23,24,25,26,27,28,29,34,36,37,38,39,
159;0;720;733;1;0,1,2,3,4,5,6,7,8,10,12,14,15,16,17,18,20,21,22,23,25,26,27,28,33,34,36,37,38,39,
81;0;733;775;1;0,1,2,3,4,5,6,7,8,10,12,14,15,16,17,18,20,21,22,23,25,26,27,28,30,33,34,36,37,39,
66;0;775;805;1;0,1,3,4,5,6,7,8,10,12,14,15,16,17,18,20,21,22,23,25,26,27,28,30,31,33,34,36,37,39,
113;0;805;825;1;0,1,3,5,6,7,8,9,10,12,13,15,16,17,18,22,25,26,27,28,29,30,31,33,34,35,36,37,38,39,
77;0;825;870;1;0,1,3,6,7,8,9,10,11,12,13,15,16,17,20,22,24,25,27,28,29,30,31,32,33,34,35,36,38,39,
111;0;870;901;1;0,3,4,6,7,8,9,10,11,13,15,16,17,19,20,21,22,24,25,27,28,29,31,32,33,34,35,36,37,38,
128;0;901;927;1;0,2,3,4,6,7,8,9,10,11,13,16,17,19,20,22,23,24,25,26,27,28,31,32,33,34,35,36,37,39,
24;0;927;946;1;0,1,2,3,4,6,7,8,9,10,11,13,16,17,19,20,21,22,23,24,25,26,27,28,31,33,35,36,37,38,
Machine: 1
101;0;0;18;1;0,3,4,5,6,7,8,9,10,11,13,14,15,16,17,18,20,21,22,23,24,25,27,28,29,30,32,35,37,39,
10;0;18;52;1;0,3,4,5,6,7,8,9,10,11,13,14,15,16,17,18,20,21,22,23,24,25,27,28,29,30,32,35,37,39,
146;0;52;102;1;0,3,4,6,7,8,9,10,11,12,13,14,15,17,18,21,22,23,24,26,27,28,29,30,32,34,35,36,37,39,
117;0;102;116;1;2,3,4,6,7,8,9,10,11,12,14,15,17,18,21,22,23,24,26,27,28,29,30,32,34,35,36,37,38,39,
35;0;116;128;1;1,2,3,4,6,7,8,10,11,12,15,17,18,21,22,23,24,26,27,28,29,30,31,32,34,35,36,37,38,39,
11;0;128;178;1;2,4,5,6,7,8,10,12,13,15,18,19,20,21,22,23,24,26,27,28,29,30,31,32,34,35,36,37,38,39,
79;0;178;193;1;0,1,2,4,5,6,7,8,10,11,12,13,15,17,18,19,20,21,22,24,26,27,29,30,31,34,35,37,38,39,
109;0;193;194;1;0,1,2,4,5,6,7,8,9,10,11,12,13,15,16,17,18,20,21,22,24,26,29,30,31,34,35,37,38,39,
102;0;194;244;1;1,2,3,4,5,6,7,8,9,10,11,12,13,14,15,16,18,20,21,22,24,25,26,29,30,31,34,35,38,39,
104;0;244;301;1;1,2,3,4,5,6,8,9,10,11,12,13,14,15,16,18,20,21,22,24,26,29,31,33,34,35,36,37,38,39,
147;0;301;335;1;1,2,3,5,6,9,10,11,12,14,15,16,18,19,20,21,22,23,24,26,29,30,31,33,34,35,36,37,38,39,
175;0;335;388;1;1,2,3,5,7,11,12,14,15,16,17,18,19,20,21,22,23,24,26,27,29,30,31,33,34,35,36,37,38,39,
71;0;388;405;1;1,2,3,5,7,11,12,14,15,16,17,18,19,20,21,23,24,26,27,29,30,31,32,33,34,35,36,37,38,39,
23;0;405;428;1;0,1,2,3,4,5,7,11,12,14,15,16,17,18,19,20,21,23,24,26,27,29,30,31,32,33,35,37,38,39,
193;0;428;487;1;1,2,3,4,5,6,7,8,11,12,14,15,17,18,19,20,21,23,26,27,28,29,30,31,32,33,35,37,38,39,
22;0;487;525;1;1,2,3,4,5,6,8,11,12,14,15,17,18,19,20,21,22,23,25,26,27,28,29,30,31,32,33,35,38,39,
108;0;525;569;1;1,3,4,5,6,8,10,11,15,17,18,19,20,21,22,23,25,26,27,28,29,30,31,32,34,35,36,37,38,39,
177;0;569;596;1;1,4,5,6,8,10,11,13,15,16,17,19,20,21,22,23,25,26,27,28,29,30,31,32,33,34,36,37,38,39,
162;0;596;654;1;0,1,4,5,6,7,8,10,11,12,13,14,15,16,17,20,22,23,25,26,27,28,29,30,31,32,33,34,36,38,
15;0;654;689;1;0,1,2,4,6,7,8,10,11,12,13,14,15,16,17,20,22,23,24,25,26,27,28,29,31,32,33,34,36,38,
84;0;689;737;1;0,1,2,3,4,7,8,10,11,13,14,15,16,17,19,20,22,23,26,27,28,29,30,31,32,33,34,35,36,38,
76;0;737;784;1;0,1,3,4,7,9,10,11,13,14,15,16,17,19,20,21,22,24,25,26,27,28,30,31,32,33,34,35,36,38,
165;0;784;790;1;0,1,3,4,7,9,10,11,12,13,14,16,17,18,19,21,22,24,25,26,27,28,30,31,32,33,34,36,37,38,
94;0;790;829;1;0,1,3,4,6,7,9,10,11,12,13,14,16,17,18,19,21,22,24,25,27,28,30,31,32,33,34,36,38,39,
155;0;829;850;1;0,1,3,4,6,7,9,10,11,12,13,14,16,17,18,19,21,22,23,24,25,27,29,30,31,32,34,36,38,39,
160;0;850;879;1;0,1,2,3,4,6,7,9,10,12,13,14,16,17,18,21,22,23,24,25,27,29,30,31,32,34,35,36,38,39,
169;0;879;890;1;0,1,2,3,4,5,6,7,9,10,12,13,14,15,16,18,21,22,23,24,25,27,29,30,31,34,35,36,38,39,
37;0;890;899;1;0,1,2,3,4,5,6,7,9,10,12,13,14,15,16,18,21,22,23,24,25,27,29,30,31,34,35,36,37,39,
67;0;899;947;1;0,1,2,3,4,5,6,7,8,9,10,12,13,14,15,16,18,22,23,24,25,27,29,30,32,34,35,36,37,39,
127;0;947;983;1;0,1,2,4,5,6,7,8,9,10,11,12,13,14,16,17,18,22,23,24,25,27,29,30,32,33,34,35,36,37,
43;0;983;988;1;0,1,2,5,6,7,8,9,10,11,13,14,16,17,18,22,23,24,25,27,28,29,31,32,33,34,35,36,37,39,
49;0;988;1036;1;0,1,2,5,7,10,11,13,14,15,16,17,18,20,21,22,23,24,26,27,28,29,32,33,34,35,36,37,38,39,
38;0;1036;1060;1;0,1,2,4,5,7,8,10,11,13,14,15,17,18,19,21,22,23,24,25,26,27,28,29,34,35,36,37,38,39,
181;0;1060;1062;1;0,1,2,3,4,5,7,8,10,11,13,14,15,17,18,19,21,22,23,24,25,26,27,28,29,34,35,36,37,38,
Machine: 2
40;0;0;27;1;1,2,4,5,6,8,9,10,11,13,14,17,18,19,21,23,24,25,26,27,28,29,30,31,32,33,34,36,37,38,
91;0;27;60;1;1,2,4,6,8,9,10,11,12,13,14,18,19,21,22,23,24,25,26,27,28,29,30,31,32,33,34,35,36,38,
112;0;60;110;1;1,2,3,4,6,7,9,10,11,12,13,14,16,18,21,22,25,26,27,28,29,30,31,32,33,34,35,37,38,39,
179;0;110;136;1;0,1,2,3,4,5,6,7,9,11,12,13,14,16,17,18,26,27,28,29,30,31,32,33,34,35,36,37,38,39,
6;0;136;142;1;0,1,2,3,4,5,6,7,9,11,12,13,14,15,16,17,18,20,26,27,29,30,32,33,34,35,36,37,38,39,
93;0;142;179;1;0,1,2,3,4,5,6,7,8,9,11,12,13,14,15,16,17,20,21,22,26,29,30,32,33,34,35,36,37,38,
116;0;179;237;1;0,1,2,3,4,5,6,7,8,9,11,12,14,16,17,20,21,22,23,25,26,29,30,32,33,34,35,36,37,38,
47;0;237;294;1;0,1,2,3,4,6,7,8,9,11,12,14,16,17,18,20,21,22,25,26,27,29,30,32,33,34,35,37,38,39,
145;0;294;295;1;0,1,2,3,4,6,7,8,9,11,12,14,15,16,17,18,20,22,23,25,26,27,29,30,32,34,35,37,38,39,
96;0;295;304;1;0,1,2,3,4,6,7,8,9,10,11,12,14,15,16,17,18,20,22,23,26,27,28,29,30,32,34,35,37,38,
56;0;304;313;1;0,1,2,3,5,6,7,8,9,10,11,12,14,15,16,17,18,20,23,24,26,27,28,29,30,32,34,35,36,37,
68;0;313;319;1;0,1,2,3,6,7,8,9,10,11,12,13,14,16,17,18,19,20,23,24,25,26,27,28,29,30,34,35,36,37,
154;0;319;337;1;1,2,3,6,7,8,9,10,11,12,13,14,16,17,18,19,20,23,24,25,26,27,28,29,30,32,35,36,37,39,
122;0;337;351;1;3,4,5,6,7,8,10,11,12,13,14,16,17,18,19,20,21,23,24,25,26,27,28,29,30,31,35,36,37,39,
63;0;351;361;1;3,4,5,6,7,8,10,11,12,13,14,16,17,18,19,20,23,24,25,26,27,28,29,30,31,33,35,36,37,39,
143;0;361;418;1;3,4,5,6,7,8,10,11,12,13,17,18,19,20,23,24,25,26,27,28,29,30,31,32,33,35,36,37,38,39,
73;0;418;449;1;0,3,4,5,6,7,8,11,12,13,17,18,19,20,22,23,24,25,26,27,29,30,31,32,33,35,36,37,38,39,
133;0;449;489;1;3,4,5,6,7,8,11,12,13,14,17,18,19,20,22,23,24,25,26,27,29,30,31,32,34,35,36,37,38,39,
65;0;489;490;1;1,3,4,5,6,7,8,11,12,13,14,18,19,20,22,23,24,25,26,27,29,30,31,32,34,35,36,37,38,39,
194;0;490;506;1;0,1,3,4,5,6,7,8,11,12,13,14,18,19,20,21,22,23,24,26,27,29,30,31,32,35,36,37,38,39,
144;0;506;539;1;0,1,3,4,5,6,7,8,11,12,13,14,15,18,19,20,21,22,23,24,26,28,29,30,31,32,35,36,37,39,
188;0;539;574;1;0,1,2,3,4,5,6,7,8,11,12,13,14,15,18,19,20,21,22,23,24,25,28,29,30,32,33,35,36,38,
171;0;574;621;1;0,1,2,3,4,5,6,7,8,11,12,13,14,15,17,18,19,21,22,24,25,27,28,29,30,32,33,34,35,38,
100;0;621;638;1;0,1,2,3,4,5,6,7,8,10,11,12,13,15,18,19,21,22,24,25,26,27,28,29,30,32,33,34,35,38,
27;0;638;671;1;0,1,2,3,4,5,6,7,8,10,11,12,13,15,18,21,22,23,24,25,26,28,29,30,31,32,33,34,35,38,
198;0;671;702;1;0,1,2,3,4,5,6,7,8,10,11,12,13,14,15,18,21,22,23,24,25,26,28,30,31,32,33,34,35,38,
106;0;702;714;1;0,1,2,3,4,5,6,7,8,10,11,12,13,14,15,18,21,22,23,24,25,26,28,30,31,32,33,34,35,38,
4;0;714;761;1;0,1,2,3,4,5,7,8,10,11,12,13,14,16,17,18,19,20,21,22,23,24,25,26,30,32,34,35,38,39,
60;0;761;768;1;0,1,2,3,4,5,6,8,10,11,12,13,14,15,16,17,18,19,20,21,23,25,26,27,30,31,34,36,38,39,
189;0;768;773;1;0,1,2,3,4,5,6,8,10,11,12,13,14,15,16,17,19,20,21,23,24,25,26,27,30,31,34,36,38,39,
61;0;773;823;1;0,1,2,3,4,5,6,8,9,10,13,14,15,16,17,19,20,21,22,23,24,25,26,27,28,30,31,34,36,38,
191;0;823;879;1;0,1,2,3,4,5,6,10,13,15,16,17,19,20,21,22,23,24,25,26,27,28,29,31,32,33,34,35,36,38,
57;0;879;891;1;0,1,2,3,4,5,6,10,12,13,15,16,17,19,20,21,22,23,24,26,27,28,30,31,32,33,34,35,36,38,
Machine: 3
48;0;0;41;1;1,2,3,4,6,7,9,10,11,13,14,15,16,17,19,20,22,23,26,28,29,30,32,33,34,35,36,37,38,39,
39;0;41;59;1;2,3,4,6,7,8,9,11,13,14,15,16,17,19,20,22,23,24,26,28,29,30,32,33,34,35,36,37,38,39,
86;0;59;107;1;2,3,4,6,7,8,9,11,14,15,16,17,19,20,22,23,24,25,26,28,29,30,31,32,33,34,35,37,38,39,
158;0;107;160;1;1,2,3,4,5,6,7,8,9,11,14,15,16,17,18,19,20,22,24,26,28,29,30,31,32,33,34,35,38,39,
110;0;160;193;1;2,3,4,5,6,7,8,9,11,15,16,17,18,19,20,22,24,26,27,28,29,30,31,32,33,34,35,36,37,39,
105;0;193;239;1;0,2,4,7,11,12,13,14,15,16,17,18,19,21,22,23,24,26,27,28,29,30,31,32,33,34,35,36,38,39,
19;0;239;268;1;0,1,2,3,4,7,11,12,13,14,15,16,17,18,19,21,22,23,24,26,27,28,29,30,31,33,34,35,36,38,
99;0;268;274;1;0,1,2,4,5,6,7,11,12,13,14,15,18,19,20,21,22,23,24,26,27,28,29,30,31,33,35,36,37,38,
192;0;274;331;1;0,1,2,4,5,6,7,8,9,12,13,14,15,18,19,20,21,23,24,26,27,28,29,30,31,33,35,36,37,38,
199;0;331;357;1;0,1,2,4,5,6,7,8,9,12,13,14,15,18,19,20,23,24,25,26,27,28,29,30,31,32,33,36,37,39,
107;0;357;394;1;0,1,4,5,6,7,8,9,12,13,14,15,16,18,19,20,21,24,25,26,28,30,31,33,34,35,36,37,38,39,
174;0;394;406;1;1,2,4,5,6,7,9,11,12,13,14,15,16,18,19,20,21,23,24,25,26,27,28,30,31,32,34,36,37,38,
13;0;406;429;1;1,2,4,5,6,9,10,11,12,13,14,15,16,18,19,20,21,23,24,25,26,27,28,30,31,33,34,35,37,38,
12;0;429;438;1;1,2,3,4,5,6,9,10,11,12,13,14,15,17,18,19,20,21,23,24,25,26,28,30,31,33,34,37,38,39,
137;0;438;456;1;1,2,3,4,5,6,9,10,11,12,13,14,15,18,19,20,21,23,25,26,28,29,30,31,33,34,35,37,38,39,
148;0;456;508;1;1,2,3,4,5,6,9,10,11,12,13,14,18,19,20,21,22,23,25,26,27,28,29,31,33,34,35,37,38,39,
123;0;508;551;1;1,2,3,4,5,9,10,11,12,13,14,16,19,20,21,22,23,25,26,27,28,29,31,32,33,34,35,37,38,39,
85;0;551;561;1;1,2,4,5,7,9,10,11,12,13,14,16,19,20,21,22,23,25,26,27,28,29,31,32,34,35,36,37,38,39,
142;0;561;567;1;1,2,4,5,7,9,10,11,12,13,16,18,19,20,21,22,24,25,26,27,28,29,31,32,34,35,36,37,38,39,
163;0;567;605;1;1,2,4,5,6,7,8,9,10,11,12,13,16,18,19,20,21,22,25,26,28,29,31,32,33,34,35,36,38,39,
121;0;605;647;1;1,2,3,4,5,7,8,9,10,11,12,13,16,18,19,20,21,22,25,28,29,30,31,32,33,34,35,36,38,39,
185;0;647;665;1;0,1,2,3,4,5,7,8,9,10,11,12,13,15,16,18,19,20,21,22,25,27,29,32,33,34,35,36,38,39,
183;0;665;683;1;0,1,2,3,4,7,8,9,10,11,12,13,14,15,16,17,18,19,20,21,22,23,27,29,32,33,34,35,36,38,
28;0;683;723;1;0,1,2,3,6,7,8,9,10,11,12,13,14,15,16,17,18,19,20,21,22,23,24,27,32,33,34,35,36,38,
70;0;723;738;1;0,1,3,6,7,8,9,10,11,12,13,14,15,16,17,18,19,20,22,23,24,26,27,33,34,35,36,37,38,39,
114;0;738;750;1;0,3,5,6,7,8,9,10,11,12,13,14,15,16,17,18,19,20,22,23,24,26,27,30,33,34,35,37,38,39,
196;0;750;758;1;0,2,3,5,6,8,9,10,11,12,13,14,15,16,17,18,20,21,22,23,25,27,28,29,31,34,35,37,38,39,
157;0;758;795;1;0,2,3,6,8,10,11,12,13,14,15,16,17,18,19,20,22,23,24,25,27,28,29,30,31,34,35,37,38,39,
14;0;795;843;1;0,1,2,3,4,6,10,11,12,13,14,15,16,17,18,19,20,22,23,24,25,27,28,29,30,33,34,37,38,39,
161;0;843;856;1;0,1,3,4,6,10,11,12,13,14,15,16,17,18,19,20,22,23,24,25,26,27,28,30,31,33,36,37,38,39,
41;0;856;864;1;0,1,3,4,5,6,7,8,10,11,12,14,17,18,19,20,22,23,25,27,28,30,31,32,33,35,36,37,38,39,
115;0;864;904;1;1,2,3,4,5,7,8,9,10,11,12,14,17,18,19,20,22,23,25,27,28,29,31,32,33,34,35,36,37,38,
7;0;904;931;1;1,2,3,4,5,7,8,9,10,11,12,14,15,16,17,18,20,22,23,24,27,28,29,31,32,33,34,35,36,37,
Machine: 4
50;0;0;55;1;1,3,4,5,7,8,9,10,11,12,13,14,15,16,18,19,20,21,23,25,27,28,29,30,32,33,34,37,38,39,
134;0;55;79;1;1,3,4,5,7,8,9,10,12,13,14,15,18,19,20,21,22,23,27,28,29,30,31,32,33,34,35,36,37,39,
164;0;79;105;1;1,3,4,5,7,8,9,10,12,13,14,15,18,19,20,21,22,23,26,28,29,30,31,32,33,34,35,36,37,39,
17;0;105;114;1;0,1,2,3,4,7,8,9,11,12,13,14,15,17,18,19,20,21,22,23,24,28,29,30,32,33,34,36,37,39,
186;0;114;156;1;0,1,3,4,7,8,9,11,12,13,14,15,16,17,18,19,21,22,24,25,28,29,30,31,32,33,34,36,37,39,
182;0;156;193;1;0,1,3,4,6,7,8,9,10,11,12,13,14,15,16,17,18,19,21,22,24,28,29,31,32,34,36,37,38,39,
80;0;193;204;1;0,1,2,4,5,6,8,9,10,11,12,13,14,15,16,17,18,19,21,22,23,24,28,29,30,32,34,36,37,38,
184;0;204;225;1;0,1,2,4,5,6,8,9,10,11,12,13,14,15,16,17,18,19,23,25,28,29,30,32,34,35,36,37,38,39,
20;0;225;277;1;0,1,4,5,6,8,9,10,12,13,14,15,16,17,18,19,20,22,25,29,30,31,32,33,34,35,36,37,38,39,
0;0;277;294;1;0,1,4,5,6,8,9,10,12,13,14,15,16,17,18,19,20,22,25,26,27,29,30,31,32,33,35,36,38,39,
195;0;294;301;1;0,1,4,5,6,7,8,9,10,12,14,15,16,17,18,19,20,22,24,25,26,27,29,32,33,35,36,37,38,39,
92;0;301;332;1;0,1,4,5,6,7,8,9,10,12,14,15,16,17,18,19,20,23,24,25,26,27,29,32,33,35,36,37,38,39,
16;0;332;348;1;0,1,3,5,6,7,9,10,12,14,15,16,17,18,19,20,21,23,24,25,26,28,32,33,34,35,36,37,38,39,
26;0;348;401;1;0,1,2,3,5,6,7,9,10,12,14,15,17,18,19,20,21,23,24,25,28,30,32,33,34,35,36,37,38,39,
59;0;401;452;1;0,1,2,4,5,6,7,9,10,11,15,17,18,19,20,21,23,24,25,28,29,31,32,33,34,35,36,37,38,39,
153;0;452;490;1;0,1,2,6,9,10,11,15,17,18,19,20,21,23,24,25,26,27,28,29,30,31,32,33,34,35,36,37,38,39,
54;0;490;494;1;0,1,2,6,8,9,10,11,12,14,15,16,17,20,21,23,24,26,27,28,30,31,32,33,34,35,36,37,38,39,
2;0;494;495;1;0,1,2,4,6,7,8,10,12,13,14,15,16,17,20,21,23,24,26,27,28,30,31,32,33,34,35,37,38,39,
33;0;495;543;1;0,1,2,4,6,7,8,10,12,13,15,16,17,18,19,20,23,24,26,27,28,29,30,31,32,33,34,35,37,39,
140;0;543;564;1;0,1,2,3,4,6,7,8,10,12,13,15,16,17,18,19,20,23,24,26,27,28,29,30,31,32,34,35,37,39,
156;0;564;599;1;0,1,2,3,4,6,7,10,12,13,15,16,17,19,20,22,23,24,25,26,27,28,29,30,31,34,35,36,37,39,
64;0;599;653;1;0,1,2,3,4,5,6,7,10,12,13,15,16,17,19,20,22,23,24,25,26,27,28,29,30,31,34,36,37,39,
190;0;653;673;1;0,1,2,4,5,6,8,10,12,13,15,16,17,18,19,20,22,23,24,25,27,28,29,30,31,33,34,36,37,39,
135;0;673;719;1;0,1,2,4,5,6,8,12,13,15,17,18,19,20,22,23,24,25,27,28,29,30,31,33,34,35,36,37,38,39,
21;0;719;755;1;0,2,4,5,6,8,9,12,13,15,17,18,19,20,21,22,23,25,28,29,30,31,32,33,34,35,36,37,38,39,
166;0;755;783;1;0,2,4,5,6,8,9,10,11,12,13,15,16,17,18,19,20,21,23,25,28,29,30,31,32,33,34,36,37,39,
25;0;783;796;1;0,2,4,5,6,7,8,9,10,11,12,13,15,16,18,19,20,21,23,24,25,28,29,30,32,33,34,36,37,39,
139;0;796;835;1;0,2,4,5,6,7,8,9,10,11,12,13,15,16,18,19,20,21,23,24,25,26,28,29,30,32,33,34,36,37,
3;0;835;860;1;0,2,3,4,5,6,7,8,9,10,12,13,14,15,18,19,20,21,22,23,24,26,28,29,30,32,33,36,37,39,
36;0;860;871;1;0,1,2,3,4,5,7,8,9,10,12,14,15,17,18,19,20,21,22,23,24,26,27,28,29,30,32,33,35,37,
172;0;871;885;1;0,3,5,7,8,9,10,12,14,15,17,18,20,21,22,23,24,25,26,27,28,29,31,32,33,35,36,37,38,39,
176;0;885;904;1;0,3,4,5,8,9,10,11,12,13,14,15,17,18,20,21,22,23,24,25,26,27,29,31,33,34,35,37,38,39,
103;0;904;929;1;0,2,3,4,5,8,9,10,11,12,13,14,15,16,17,18,19,20,21,22,23,24,25,26,27,29,31,33,37,39,
Machine: 5
1;0;0;14;1;0,1,2,3,4,6,7,8,9,11,12,13,14,15,16,17,19,20,21,23,24,25,26,28,29,30,34,35,36,39,
32;0;14;31;1;0,1,3,4,6,7,8,9,12,13,14,15,16,19,20,21,23,24,25,26,28,29,30,31,34,35,36,37,38,39,
149;0;31;90;1;0,1,3,4,6,7,8,9,10,12,13,14,16,19,20,21,23,24,25,26,27,28,29,30,32,34,35,36,37,39,
120;0;90;143;1;1,3,4,5,6,7,8,9,10,11,12,14,16,17,19,20,22,23,24,25,26,27,28,29,30,32,34,35,37,39,
151;0;143;144;1;0,1,3,4,5,6,7,8,10,11,12,14,15,16,17,19,20,22,24,25,26,27,28,29,30,32,34,35,37,39,
53;0;144;176;1;0,1,2,3,4,6,7,8,10,11,13,14,15,16,17,19,20,22,24,26,27,29,30,32,33,34,35,37,38,39,
52;0;176;229;1;0,1,2,3,4,6,7,8,10,11,13,14,15,16,17,19,20,22,24,26,27,30,31,32,33,34,35,37,38,39,
138;0;229;261;1;0,1,2,3,4,6,7,8,10,11,13,14,15,16,17,18,19,22,24,26,27,30,31,32,33,34,35,37,38,39,
98;0;261;291;1;0,1,2,3,4,6,7,8,9,11,13,14,16,17,18,19,21,22,23,24,26,27,28,30,31,32,33,34,35,39,
5;0;291;335;1;0,1,2,3,6,7,8,9,11,12,13,14,16,17,18,19,21,22,23,24,25,26,27,28,30,31,32,34,35,39,
78;0;335;364;1;0,2,3,6,7,8,9,10,11,12,13,14,15,16,19,21,22,23,24,25,26,27,28,30,31,32,34,35,37,39,
170;0;364;411;1;2,4,5,6,7,8,9,10,11,12,13,14,15,16,19,20,22,23,24,25,28,29,30,31,32,34,35,36,38,39,
18;0;411;470;1;2,3,4,5,6,7,8,9,10,11,12,13,14,15,16,17,19,20,22,23,24,25,27,29,30,31,32,34,36,39,
136;0;470;496;1;0,2,3,4,5,6,7,8,9,10,11,12,13,14,16,17,19,20,22,24,25,27,28,29,30,31,32,34,36,37,
126;0;496;537;1;0,1,2,3,5,6,7,8,9,11,12,13,14,16,19,22,24,25,26,27,28,29,30,31,32,33,34,36,37,38,
129;0;537;582;1;0,1,2,3,5,6,7,8,9,11,12,13,14,16,19,22,24,25,26,27,28,29,30,31,33,34,35,36,37,38,
119;0;582;607;1;0,1,2,3,5,6,7,8,9,10,11,12,13,14,16,17,19,23,24,25,26,27,28,29,30,31,33,34,35,38,
31;0;607;615;1;0,1,2,3,5,6,7,9,10,11,12,13,14,16,17,19,21,23,24,26,27,28,29,30,31,33,34,35,38,39,
42;0;615;631;1;0,2,4,5,6,7,9,10,11,12,13,14,16,17,18,19,21,23,24,26,27,28,29,30,31,32,33,34,38,39,
173;0;631;651;1;0,2,4,5,7,8,9,10,11,14,16,17,18,19,21,22,23,24,26,27,28,29,30,31,32,33,34,36,38,39,
88;0;651;653;1;0,1,2,4,5,7,8,9,10,11,14,16,17,18,19,21,22,23,24,27,28,29,30,31,32,34,35,36,38,39,
132;0;653;698;1;0,1,2,3,4,5,7,8,9,10,11,15,16,17,18,19,21,22,23,24,25,27,28,29,30,31,32,35,36,39,
89;0;698;713;1;1,2,3,4,5,7,8,9,10,11,15,16,17,18,19,20,21,22,23,24,25,27,28,29,30,31,33,35,36,39,
168;0;713;716;1;1,3,4,5,7,8,9,10,11,14,15,16,17,18,19,20,21,22,23,24,25,27,28,29,30,33,34,35,36,39,
118;0;716;769;1;1,3,5,7,8,9,10,11,13,14,15,16,18,19,20,21,22,24,25,27,28,29,30,31,33,34,35,36,38,39,
130;0;769;817;1;1,3,5,6,7,8,9,10,11,13,14,15,16,18,19,20,21,22,25,27,28,29,30,31,32,34,35,36,38,39,
75;0;817;876;1;1,3,5,6,7,8,9,10,13,14,15,16,18,19,20,21,22,23,25,26,27,28,30,31,32,34,36,37,38,39,
58;0;876;922;1;1,3,4,5,6,7,8,10,13,15,16,19,20,21,22,23,24,25,26,27,28,30,31,32,33,34,36,37,38,39,
34;0;922;923;1;1,3,4,5,6,7,8,10,12,13,16,17,19,20,21,22,23,24,25,27,28,30,31,32,33,34,36,37,38,39,
72;0;923;938;1;0,1,2,3,4,5,6,7,8,10,12,13,14,16,17,19,20,21,22,23,24,27,30,31,32,34,36,37,38,39,
97;0;938;979;1;0,1,2,3,4,5,7,8,10,11,12,13,14,15,16,17,19,20,21,22,23,24,27,30,31,32,36,37,38,39,
9;0;979;1030;1;0,1,2,3,4,5,7,8,10,11,12,13,14,15,16,17,18,19,20,21,22,23,24,27,30,31,32,37,38,39,
178;0;1030;1037;1;0,1,2,3,4,5,6,7,8,10,11,12,14,15,16,17,18,19,20,21,22,23,24,26,27,29,30,32,37,39,
END
fineshedJobsCount: 200
switchs: 538
switchsInstances: 191
unfineshedPriorityCount: 0
totalUnfineshed: 0
criticalMachineSwitchs: 89
criticalMachineTime: 1062
Final Solution: -538
Time: 7412
PTL: 198
MCMC: 7
Best Initial: -885
Mean Initial: -913.545
