80 6 7 720

0 0 46 1 0,1,2,3,4
0 1 144 1 0,1,2,3,4
1 0 147 0 5,6,7,8,9
2 0 47 0 5,6,7,10,11
2 1 55 0 5,6,7,10,11
3 0 49 1 0,12,13,14,15
4 0 97 1 5,16,17,18,19
4 1 175 1 5,16,17,18,19
5 0 29 0 0,1,2,12,20
6 0 131 0 11,21,22,23,24
7 0 174 1 1,2,14,20,25
7 1 39 1 1,2,14,20,25
8 0 77 0 0,14,15,20,26
9 0 60 0 27,28,29,30,31
9 1 137 0 27,28,29,30,31
10 0 103 1 0,13,14,20,32
11 0 66 1 33,34,35,36,37
12 0 53 0 5,38,39
12 1 45 0 5,38,39
13 0 51 1 0,2,4,15,40
14 0 90 1 0,4,12,15,41
14 1 150 1 0,4,12,15,41
15 0 24 0 42,43,44,45,46
16 0 94 0 0,2,14,47,48
17 0 34 1 49,50,51,52,53
17 1 179 1 49,50,51,52,53
18 0 5 0 31,54,55,56,57
19 0 74 0 58,59,60,61,62
19 1 157 0 58,59,60,61,62
20 0 64 1 21,23,63,64,65,66,67,68,69,70,71,72,73,74,75,76,77,78,79,80,81,82,83,84,85,86,87,88,89,90,91,92,93,94,95,96,97,98,99,100,101
21 0 34 1 49,50,51,52,53
22 0 127 0 10,22,63,64,102
22 1 83 0 10,22,63,64,102
23 0 173 1 5,10,21,64,65
24 0 68 1 0,103,104,105,106
24 1 144 1 0,103,104,105,106
25 0 26 0 0,1,2,12,20
26 0 44 0 0,1,2,12,20
27 0 30 1 0,1,2,12,20
27 1 139 1 0,1,2,12,20
28 0 175 0 5,16,17,18,68,107,108,109,110,111
29 0 160 0 33,34,35,36,37
29 1 21 0 33,34,35,36,37
30 0 8 1 112,113,114,115,116
31 0 156 1 0,12,13,14,15
32 0 68 0 5,6,66,102,117
32 1 49 0 5,6,66,102,117
33 0 163 1 5,6,66,102,117
34 0 144 1 0,12,13,14,15
34 1 175 1 0,12,13,14,15
35 0 178 0 118,119,120,121,122
36 0 49 0 0,12,13,14,15
37 0 51 1 10,63,64,74,102
37 1 150 1 10,63,64,74,102
38 0 78 0 0,1,2,12,26
39 0 120 0 1,2,12,20,32,40,41,123,124,125,126
39 1 47 0 1,2,12,20,32,40,41,123,124,125,126
40 0 29 1 0,1,2,12,20
41 0 44 1 36,49,127,128,129
42 0 125 0 0,2,14,15,123
42 1 104 0 0,2,14,15,123
43 0 76 1 36,130,131,132,133
44 0 156 1 42,134,135,136,137
44 1 69 1 42,134,135,136,137
45 0 69 0 33,34,35,36,37
46 0 151 0 0,12,13,15,40
47 0 96 1 5,6,7,10,11
47 1 141 1 5,6,7,10,11
48 0 26 0 0,1,2,12,20
49 0 25 0 0,2,12,13,25
49 1 61 0 0,2,12,13,25
50 0 170 1 0,1,12,15,20
51 0 146 1 0,1,12,15,25
52 0 36 0 5,6,7,8,9
52 1 81 0 5,6,7,8,9
53 0 18 1 49,50,138,139,140
54 0 41 1 0,1,2,12,20
54 1 32 1 0,1,2,12,20
55 0 144 0 6,10,63,64,102
56 0 17 0 10,11,64,74,102
57 0 48 1 33,34,35,36,37
57 1 20 1 33,34,35,36,37
58 0 126 0 141
59 0 125 0 118,121,130,142,143
59 1 147 0 118,121,130,142,143
60 0 37 1 6,7,21,64,144
61 0 52 1 5,6,10,11,21
62 0 90 0 0,2,13,40,145
62 1 6 0 0,2,13,40,145
63 0 80 1 5,6,7,8,9
64 0 170 1 0,1,12,15,20
64 1 97 1 0,1,12,15,20
65 0 174 0 1,2,14,20,25
66 0 126 0 141
67 0 25 1 0,2,12,13,25
67 1 87 1 0,2,12,13,25
68 0 159 0 118,119,120,121,142
69 0 169 0 0,2,13,14,40
69 1 170 0 0,2,13,14,40
70 0 76 1 36,130,131,132,133
71 0 115 1 36,119,130,131,132
72 0 105 0 33,34,35,36,37
72 1 34 0 33,34,35,36,37
73 0 69 1 33,34,35,36,37
74 0 178 1 118,119,120,121,122
74 1 115 1 118,119,120,121,122
75 0 60 0 6,11,21,22,23
76 0 10 0 5,16,17,109,146
77 0 87 1 147,148,149,150,151
77 1 25 1 147,148,149,150,151
78 0 87 0 152,153,154,155,156,157,158,159,160,161
79 0 137 0 33,34,35,36,37
79 1 69 0 33,34,35,36,37
80 0 35 1 6,10,64,65,66
81 0 101 1 0,1,2,12,20
82 0 15 0 0,2,12,15,40
82 1 143 0 0,2,12,15,40
83 0 75 1 162,163,164,165,166
84 0 76 1 36,130,131,132,133
84 1 11 1 36,130,131,132,133
85 0 131 0 1,167,168,169,170
86 0 37 0 6,7,21,64,144
87 0 105 1 33,34,35,36,37
87 1 28 1 33,34,35,36,37
88 0 172 0 6,11,21,22,23
89 0 178 0 118,119,120,121,122
89 1 49 0 118,119,120,121,122
90 0 41 1 0,1,2,12,20
91 0 173 1 5,10,21,64,65
92 0 8 0 29,30,31,49,129
92 1 41 0 29,30,31,49,129
93 0 94 1 118,119,120,121,142
94 0 73 1 5,10,21,64,65
94 1 41 1 5,10,21,64,65
95 0 90 0 0,4,12,15,41
96 0 76 0 0,1,2,12,20,25,47
97 0 164 1 0,171,172,173
97 1 5 1 0,171,172,173
98 0 80 0 0,1,2,3,12,13,14,15,20,25,26,47,145
99 0 45 0 66,67,68,69,111
99 1 73 0 66,67,68,69,111
100 0 119 1 2,12,20,40,41,47,123,124,125,126,174,175
101 0 103 1 0,1,2,12,20,25
102 0 151 0 40,176,177,178,179
102 1 168 0 40,176,177,178,179
103 0 105 1 0,1,2,3,12,13,14,15,20,25,26,47,145
104 0 141 1 6,21,65,77,180
104 1 163 1 6,21,65,77,180
105 0 147 0 5,6,7,8,9
106 0 80 0 33,34,35,36,37
107 0 110 1 10,22,64,102,181
107 1 169 1 10,22,64,102,181
108 0 114 0 0,2,26,40,182
109 0 165 0 5,6,10,64,65
109 1 12 0 5,6,10,64,65
110 0 179 1 183,184,185,186,187
111 0 72 1 0,4,12,15,41
112 0 156 0 42,134,135,136,137
112 1 96 0 42,134,135,136,137
113 0 77 1 0,14,15,20,26
114 0 86 1 0,2,14,26,188
114 1 88 1 0,2,14,26,188
115 0 20 0 0,2,40,41,189
116 0 42 0 49,190,191,192,193
117 0 135 1 194,195,196,197,198
117 1 55 1 194,195,196,197,198
118 0 96 0 5,6,7,10,11
119 0 145 0 5,6,7,10,11
119 1 171 0 5,6,7,10,11
120 0 68 1 0,103,104,105,106
121 0 165 1 5,6,10,64,65
122 0 78 0 0,1,2,12,20,25
122 1 168 0 0,1,2,12,20,25
123 0 48 1 33,34,35,36,37
124 0 44 1 36,49,127,128,129
124 1 44 1 36,49,127,128,129
125 0 142 0 199,200,201,202,203
126 0 129 0 0,1,2,12,20
127 0 80 1 29,30,31,49,129
127 1 88 1 29,30,31,49,129
128 0 86 0 64,65,102,181,204
129 0 56 0 33,34,35,36,37
129 1 94 0 33,34,35,36,37
130 0 137 1 33,34,35,36,37
131 0 8 1 29,30,31,49,129
132 0 118 0 205,206,207,208
132 1 98 0 205,206,207,208
133 0 86 1 64,65,102,181,204
134 0 111 1 0,171,172
134 1 62 1 0,171,172
135 0 125 0 0,2,14,15,123
136 0 73 0 5,10,21,64,65
137 0 129 1 0,1,2,12,20
137 1 176 1 0,1,2,12,20
138 0 157 0 0,1,14,15,41
139 0 6 0 0,1,2,12,20
139 1 72 0 0,1,2,12,20
140 0 115 1 0,13,14,15,20
141 0 81 1 0,2,13,40,188
142 0 9 0 118,121,130,142,143
142 1 22 0 118,121,130,142,143
143 0 14 1 205,206,207,208
144 0 109 1 205,206,207,208
144 1 32 1 205,206,207,208
145 0 98 0 0,12,13,14,41
146 0 51 0 5,17,18,107,108
147 0 25 1 0,2,12,13,25
147 1 77 1 0,2,12,13,25
148 0 101 0 0,1,2,12,20
