80 6 7 720

0 0 46 1 0,1,2,3,4
0 1 34 1 0,1,2,3,4
1 0 147 0 5,6,7,8,9
2 0 47 0 5,6,7,10,11
2 1 4 0 5,6,7,10,11
3 0 49 1 0,12,13,14,15
4 0 97 1 5,16,17,18,19
4 1 53 1 5,16,17,18,19
5 0 29 0 0,1,2,12,20
6 0 131 0 11,16,21,22,23
7 0 174 1 1,2,3,14,16,20
7 1 30 1 1,2,3,14,16,20
8 0 77 0 0,14,15,16,20
9 0 60 0 0,2,13,16,19
9 1 109 0 0,2,13,16,19
10 0 103 1 0,13,14,16,20
11 0 66 1 0,2,13,16,19
12 0 53 0 0,5,16
12 1 131 0 0,5,16
13 0 51 1 0,2,4,15,16
14 0 90 1 0,4,12,15,16
14 1 119 1 0,4,12,15,16
15 0 24 0 0,2,13,16,19
16 0 94 0 0,2,13,14,16
