80 6 7 720

0 0 46 1 0,1,2,3,4
0 1 55 1 0,1,2,3,4
1 0 147 0 5,6,7,8,9
2 0 47 0 5,6,7,10,11
2 1 178 0 5,6,7,10,11
3 0 49 1 0,12,13,14,15
4 0 97 1 5,16,17,18,19
4 1 156 1 5,16,17,18,19
5 0 29 0 0,1,2,12,20
6 0 131 0 11,21,22,23,24
7 0 174 1 1,2,14,20,25
7 1 44 1 1,2,14,20,25
8 0 77 0 0,14,15,20,26
9 0 60 0 0,16,27,28,29
9 1 56 0 0,16,27,28,29
10 0 103 1 0,13,14,16,20
11 0 66 1 0,2,13,16,19
12 0 53 0 0,5,16
12 1 4 0 0,5,16
13 0 51 1 0,2,4,15,16
14 0 90 1 0,4,12,15,16
14 1 105 1 0,4,12,15,16
15 0 24 0 0,2,13,16,19
16 0 94 0 0,2,13,14,16
17 0 34 1 0,2,13,16,19
17 1 69 1 0,2,13,16,19
18 0 5 0 0,2,13,16,19
19 0 74 0 0,2,13,16,19
19 1 44 0 0,2,13,16,19
20 0 64 1 0,2,13,16,21
