80 6 7 720

0 0 46 1 0,1,2,3,4
0 1 129 1 0,1,2,3,4
1 0 147 0 5,6,7,8,9
2 0 47 0 5,6,7,10,11
2 1 114 0 5,6,7,10,11
3 0 49 1 0,12,13,14,15
4 0 97 1 5,16,17,18,19
4 1 148 1 5,16,17,18,19
5 0 29 0 0,1,2,12,20
6 0 131 0 11,21,22,23,24
7 0 174 1 1,2,3,14,20,25,26,27,28,29,30,31,32,33,34,35,36,37,38,39
7 1 8 1 1,2,3,14,20,25,26,27,28,29,30,31,32,33,34,35,36,37,38,39
8 0 77 0 0,14,15,20,40
9 0 60 0 41,42,43,44,45
9 1 84 0 41,42,43,44,45
10 0 103 1 0,13,14,20,46
11 0 66 1 47,48,49,50,51
12 0 53 0 5,52,53
12 1 150 0 5,52,53
13 0 51 1 0,2,4,15,26,40,54
14 0 90 1 0,4,12,15,55
14 1 74 1 0,4,12,15,55
15 0 24 0 56,57,58,59,60
16 0 94 0 0,2,14,61,62
17 0 34 1 63,64,65,66,67
17 1 68 1 63,64,65,66,67
18 0 5 0 45,68,69,70,71
19 0 74 0 72,73,74,75,76
19 1 168 0 72,73,74,75,76
20 0 64 1 21,23,77,78,79,80,81,82,83,84,85,86,87,88,89,90,91,92,93,94,95,96,97,98,99,100,101,102,103,104,105,106,107,108,109,110,111,112,113,114,115,116
21 0 34 1 63,64,65,66,67
22 0 127 0 10,22,77,78,117
22 1 131 0 10,22,77,78,117
23 0 173 1 5,10,21,78,79
24 0 68 1 0,118,119,120,121
24 1 119 1 0,118,119,120,121
25 0 26 0 0,1,2,12,13,20,25,40,61,122
26 0 44 0 0,1,2,3,4,12,13,14,15,20,25,26,27,40,54,55,61,62,122,123,124
27 0 30 1 0,1,2,3,4,12,13,14,15,20,25,26,27,28,40,54,55,61,62,122,123,124
27 1 150 1 0,1,2,3,4,12,13,14,15,20,25,26,27,28,40,54,55,61,62,122,123,124
28 0 175 0 5,16,17,18,19,23,82,84,85,86,87,90,91,123,125,126,127,128,129,130,131,132,133,134,135,136,137
29 0 160 0 47,48,49,50,51
29 1 69 0 47,48,49,50,51
30 0 8 1 138,139,140,141,142
31 0 156 1 0,12,13,14,15
32 0 68 0 5,6,80,117,135
32 1 6 0 5,6,80,117,135
33 0 163 1 5,6,80,117,135
34 0 144 1 0,12,13,14,15
34 1 4 1 0,12,13,14,15
35 0 178 0 143,144,145,146,147
36 0 49 0 0,12,13,14,15
37 0 51 1 10,77,78,88,117
37 1 93 1 10,77,78,88,117
38 0 78 0 0,1,2,12,40
39 0 120 0 1,2,12,20,26,29,30,32,33,46,55,124,148,149,150,151,152,153,154,155,156,157,158,159,160,161,162,163
39 1 147 0 1,2,12,20,26,29,30,32,33,46,55,124,148,149,150,151,152,153,154,155,156,157,158,159,160,161,162,163
40 0 29 1 0,1,2,12,20
41 0 44 1 50,63,164,165,166
42 0 125 0 0,2,14,15,124
42 1 45 0 0,2,14,15,124
43 0 76 1 50,137,167,168,169
44 0 156 1 56,170,171,172,173
44 1 81 1 56,170,171,172,173
45 0 69 0 47,48,49,50,51
46 0 151 0 0,12,13,15,26
47 0 96 1 5,6,7,10,11
47 1 141 1 5,6,7,10,11
48 0 26 0 0,1,2,12,13,20,25,40,61,122
49 0 25 0 0,2,12,13,25
49 1 31 0 0,2,12,13,25
50 0 170 1 0,1,12,15,20
51 0 146 1 0,1,12,15,25
52 0 36 0 5,6,7,8,9
52 1 77 0 5,6,7,8,9
53 0 18 1 63,64,174,175,176
54 0 41 1 0,1,2,12,20
54 1 42 1 0,1,2,12,20
55 0 144 0 6,10,77,78,117
56 0 17 0 10,11,78,88,117
57 0 48 1 47,48,49,50,51
57 1 159 1 47,48,49,50,51
58 0 126 0 177
59 0 125 0 23,137,143,146,167,178,179,180,181,182,183,184,185,186,187,188,189,190,191
59 1 152 0 23,137,143,146,167,178,179,180,181,182,183,184,185,186,187,188,189,190,191
60 0 37 1 6,7,21,78,192
61 0 52 1 5,6,10,11,21
62 0 90 0 0,2,13,26,122
62 1 95 0 0,2,13,26,122
63 0 80 1 5,6,7,8,9
64 0 170 1 0,1,12,15,20
64 1 78 1 0,1,12,15,20
65 0 174 0 1,2,3,14,20,25,26,27,28,29,30,31,32,33,34,35,36,37,38,39
66 0 126 0 177
67 0 25 1 0,2,12,13,25
67 1 129 1 0,2,12,13,25
68 0 159 0 143,144,145,146,147,178
69 0 169 0 0,2,13,14,26,32,46,124,150,152,193,194,195,196,197,198,199
69 1 60 0 0,2,13,14,26,32,46,124,150,152,193,194,195,196,197,198,199
70 0 76 1 50,137,167,168,169
71 0 115 1 50,137,144,167,168
72 0 105 0 47,48,49,50,51
72 1 163 0 47,48,49,50,51
73 0 69 1 47,48,49,50,51
74 0 178 1 143,144,145,146,147
74 1 32 1 143,144,145,146,147
75 0 60 0 6,11,21,22,23
76 0 10 0 5,16,17,127,200
77 0 87 1 201,202,203,204,205
77 1 37 1 201,202,203,204,205
78 0 87 0 206,207,208,209,210,211,212,213,214,215,216,217,218,219,220,221,222,223,224,225,226,227,228,229,230,231,232
79 0 137 0 47,48,49,50,51
79 1 77 0 47,48,49,50,51
80 0 35 1 6,10,78,79,80
81 0 101 1 0,1,2,12,13,20,25,40,61
82 0 15 0 0,2,12,15,26
82 1 77 0 0,2,12,15,26
83 0 75 1 233,234,235,236,237
84 0 76 1 50,137,167,168,169
84 1 69 1 50,137,167,168,169
85 0 131 0 1,193,196,238,239,240
86 0 37 0 6,7,21,78,192
87 0 105 1 47,48,49,50,51
87 1 175 1 47,48,49,50,51
88 0 172 0 6,11,21,22,23
89 0 178 0 143,144,145,146,147
89 1 51 0 143,144,145,146,147
90 0 41 1 0,1,2,12,20
91 0 173 1 5,10,21,78,79
92 0 8 0 43,44,45,63,166
92 1 121 0 43,44,45,63,166
93 0 94 1 143,144,145,146,178
94 0 73 1 5,10,21,78,79
94 1 52 1 5,10,21,78,79
95 0 90 0 0,4,12,15,55
96 0 76 0 0,1,2,12,20
97 0 164 1 0,32,195,241
97 1 169 1 0,32,195,241
98 0 80 0 0,1,2,3,4,12,13,14,15,20,25,26,27,28,29,30,31,40,46,54,55,61,62,122,123,124,148,149,150,193,242
99 0 45 0 80,81,82,83,129
99 1 32 0 80,81,82,83,129
100 0 119 1 2,12,20,26,29,30,55,61,124,148,149,150,193,243
101 0 103 1 0,1,2,12,20
102 0 151 0 26,244,245,246,247
102 1 124 0 26,244,245,246,247
103 0 105 1 0,1,2,3,4,12,13,14,15,20,25,26,27,28,29,30,40,46,54,55,61,62,122,123,124,148,149,150,193,242
104 0 141 1 6,21,79,91,248
104 1 77 1 6,21,79,91,248
105 0 147 0 5,6,7,8,9
106 0 80 0 47,48,49,50,51
107 0 110 1 10,22,78,117,249
107 1 129 1 10,22,78,117,249
108 0 114 0 0,2,26,40,250
109 0 165 0 5,6,10,78,79
109 1 160 0 5,6,10,78,79
110 0 179 1 251,252,253,254,255
111 0 72 1 0,4,12,15,55
112 0 156 0 56,170,171,172,173
112 1 41 0 56,170,171,172,173
113 0 77 1 0,14,15,20,40
114 0 86 1 0,2,14,40,123
114 1 164 1 0,2,14,40,123
115 0 20 0 0,2,26,27,55
116 0 42 0 63,256,257,258,259
117 0 135 1 260,261,262,263,264
117 1 49 1 260,261,262,263,264
118 0 96 0 5,6,7,10,11
119 0 145 0 5,6,7,10,11
119 1 96 0 5,6,7,10,11
120 0 68 1 0,118,119,120,121
121 0 165 1 5,6,10,78,79
122 0 78 0 0,1,2,12,20,25,61
122 1 73 0 0,1,2,12,20,25,61
123 0 48 1 47,48,49,50,51
124 0 44 1 50,63,164,165,166
124 1 160 1 50,63,164,165,166
125 0 142 0 36,123,124,265,266,267,268,269,270,271,272,273
126 0 129 0 0,1,2,12,20
127 0 80 1 43,44,45,63,166
127 1 32 1 43,44,45,63,166
128 0 86 0 78,79,117,249,274
129 0 56 0 47,48,49,50,51
129 1 98 0 47,48,49,50,51
130 0 137 1 47,48,49,50,51
131 0 8 1 43,44,45,63,166
132 0 118 0 275,276,277,278
132 1 29 0 275,276,277,278
133 0 86 1 78,79,117,249,274
134 0 111 1 0,32,195
134 1 147 1 0,32,195
135 0 125 0 0,2,14,15,124
136 0 73 0 5,10,21,78,79
137 0 129 1 0,1,2,12,20
137 1 131 1 0,1,2,12,20
138 0 157 0 0,1,14,15,55
139 0 6 0 0,1,2,3,4,12,13,14,15,20,25,26,27,28,40,54,55,61,62,122,123,124
139 1 176 0 0,1,2,3,4,12,13,14,15,20,25,26,27,28,40,54,55,61,62,122,123,124
140 0 115 1 0,4,13,14,15,20,193
141 0 81 1 0,2,13,26,123
142 0 9 0 143,146,167,178,179
142 1 77 0 143,146,167,178,179
143 0 14 1 275,276,277,278
144 0 109 1 275,276,277,278
144 1 44 1 275,276,277,278
145 0 98 0 0,12,13,14,29,46,55,123,124,148
146 0 51 0 5,17,18,125,126,130,279
147 0 25 1 0,2,12,13,25
147 1 8 1 0,2,12,13,25
148 0 101 0 0,1,2,12,13,20,25,40,61
149 0 55 0 5,6,10,78,79
149 1 72 0 5,6,10,78,79
150 0 179 1 251,252,253,254,255
151 0 125 1 0,2,14,15,124
152 0 52 0 0,15,25,40,150
152 1 145 0 0,15,25,40,150
153 0 74 1 72,73,74,75,76
154 0 60 1 6,11,21,22,23
154 1 109 1 6,11,21,22,23
155 0 171 0 6,11,21,22,81
156 0 66 0 5,6,7,8,9
157 0 36 1 45,68,69,70,71
157 1 109 1 45,68,69,70,71
158 0 160 0 5,6,7,8,9
159 0 103 0 0,1,2,12,20
159 1 53 0 0,1,2,12,20
160 0 9 1 143,146,167,178,179
161 0 110 1 10,22,78,117,249
162 0 32 0 195,213,280,281,282
162 1 118 0 195,213,280,281,282
163 0 156 1 0,1,2,3,4,14,15,20,26,29,32,33,46,54,56,61,62,149,196,283,284,285,286,287,288,289,290,291,292,293
164 0 129 1 0,1,2,12,20
164 1 165 1 0,1,2,12,20
165 0 60 0 41,42,43,44,45
166 0 114 0 0,2,26,40,250
167 0 94 1 0,2,14,61,62
167 1 10 1 0,2,14,61,62
168 0 119 0 2,12,20,26,29,30,55,61,124,148,149,150,193,243
169 0 94 0 0,2,14,61,62
169 1 147 0 0,2,14,61,62
170 0 64 1 21,23,77,78,79,80,81,82,83,84,85,86,87,88,89,90,91,92,93,94,95,96,97,98,99,100,101,102,103,104,105,106,107,108,109,110,111,112,113,114,115,116
171 0 112 1 0,12,13,15,20
172 0 150 0 196,215,221,228,294
172 1 126 0 196,215,221,228,294
173 0 60 1 6,11,21,22,23
174 0 76 1 0,1,2,12,20
174 1 160 1 0,1,2,12,20
175 0 42 0 63,256,257,258,259
176 0 41 0 0,1,2,12,20
177 0 35 1 6,10,78,79,80
177 1 81 1 6,10,78,79,80
178 0 111 0 5,6,7,8,9
179 0 11 0 5,23,53,137
179 1 176 0 5,23,53,137
180 0 20 1 0,2,12,13,14
181 0 64 1 0,295,296,297,298
182 0 10 0 5,16,17,127,200
182 1 8 0 5,16,17,127,200
183 0 20 1 0,2,12,13,14
184 0 165 1 5,6,10,78,79
184 1 174 1 5,6,10,78,79
185 0 52 0 0,15,25,40,150
186 0 174 0 1,2,3,14,20,25,26,27,28,29,30,31,32,33,34,35,36,37,38,39
187 0 151 1 0,12,13,15,26
187 1 81 1 0,12,13,15,26
188 0 78 0 0,1,2,12,20,25,61
189 0 125 0 5,6,10,11,192
189 1 68 0 5,6,10,11,192
190 0 157 1 0,1,14,15,55
191 0 66 1 47,48,49,50,51
192 0 34 0 63,64,65,66,67
192 1 84 0 63,64,65,66,67
193 0 173 1 5,6,80,117,135
194 0 34 1 10,78,88,117,249
194 1 91 1 10,78,88,117,249
195 0 64 0 6,11,21,22,81
196 0 77 0 0,14,15,20,40
197 0 18 1 56,170,171,172,173
197 1 170 1 56,170,171,172,173
198 0 76 0 0,1,2,12,20
199 0 177 0 56,170,171,172,173
199 1 52 0 56,170,171,172,173
200 0 69 1 47,48,49,50,51
201 0 34 1 10,78,88,117,249
202 0 86 0 78,79,117,249,274
202 1 137 0 78,79,117,249,274
203 0 80 1 138,208,209,210,211,212,213,214,215,216,217,218,219,220,221,222,223,224,299
204 0 79 1 5,18,19,23,70,91,125,127,132,279,300,301,302,303,304,305,306,307,308,309,310,311,312,313
204 1 156 1 5,18,19,23,70,91,125,127,132,279,300,301,302,303,304,305,306,307,308,309,310,311,312,313
205 0 32 0 23,137,146,179,181,184,186,189,314,315,316,317,318,319
206 0 94 0 143,144,145,146,178
207 0 145 1 5,6,7,10,11
207 1 165 1 5,6,7,10,11
208 0 164 0 0,32,195,241
209 0 174 0 6,11,21,22,23
209 1 32 0 6,11,21,22,23
210 0 114 1 0,2,26,40,250
211 0 44 1 50,137,167,168,169
212 0 150 0 2,196,320,321,322
212 1 149 0 2,196,320,321,322
213 0 36 1 5,6,7,8,9
214 0 103 1 0,1,2,12,20
214 1 15 1 0,1,2,12,20
215 0 144 0 6,10,77,78,117
216 0 137 0 143,178,323
217 0 156 1 56,170,171,172,173
217 1 110 1 56,170,171,172,173
218 0 60 0 143,144,146,178,179
219 0 161 0 0,2,12,14,26,29,31,32,40,46,55,122,123,148,149,196,242,285,288,289,292,324,325,326,327,328,329,330,331,332,333,334
219 1 176 0 0,2,12,14,26,29,31,32,40,46,55,122,123,148,149,196,242,285,288,289,292,324,325,326,327,328,329,330,331,332,333,334
220 0 22 1 5,17,18,19,23,82,83,84,86,90,91,95,127,129,132,134,136,300,335,336,337,338
221 0 45 1 80,81,82,83,129
222 0 41 0 0,1,2,12,20
222 1 69 0 0,1,2,12,20
223 0 14 1 5,6,10,83,88
224 0 147 1 5,6,7,8,9
224 1 98 1 5,6,7,8,9
225 0 133 0 50,137,167,168,169
226 0 144 0 0,12,13,14,15
227 0 151 1 0,12,13,15,26
227 1 147 1 0,12,13,15,26
228 0 18 0 56,170,171,172,173
229 0 94 0 0,2,14,61,62
229 1 97 0 0,2,14,61,62
230 0 105 1 32,56,170,171,173
231 0 55 1 5,6,10,78,79
232 0 157 0 0,1,14,15,55
232 1 8 0 0,1,14,15,55
233 0 159 1 143,144,145,146,147,178
234 0 32 1 195,213,280,281,282
234 1 29 1 195,213,280,281,282
235 0 45 0 80,81,82,83,129
236 0 83 0 2,12,46,55,122
237 0 94 1 0,2,14,61,62
237 1 139 1 0,2,14,61,62
238 0 147 0 47,48,49,50,51
239 0 78 0 0,1,2,12,40
239 1 172 0 0,1,2,12,40
240 0 49 1 0,12,13,14,15
241 0 98 1 2,196,320,321,322
