80 6 7 720

0 0 46 1 0,1,2,3,4
0 1 73 1 0,1,2,3,4
1 0 147 0 5,6,7,8,9
2 0 47 0 5,6,7,10,11
2 1 31 0 5,6,7,10,11
3 0 49 1 0,12,13,14,15
4 0 97 1 5,16,17,18,19
4 1 61 1 5,16,17,18,19
5 0 29 0 0,1,2,12,20
6 0 131 0 11,21,22,23,24
7 0 174 1 1,2,14,20,25
7 1 150 1 1,2,14,20,25
8 0 77 0 0,14,15,20,26
9 0 60 0 27,28,29,30,31
9 1 76 0 27,28,29,30,31
10 0 103 1 0,13,14,20,32
11 0 66 1 33,34,35,36,37
12 0 53 0 5,38,39
12 1 4 0 5,38,39
13 0 51 1 0,2,4,15,40
14 0 90 1 0,4,12,15,41
14 1 8 1 0,4,12,15,41
15 0 24 0 42,43,44,45,46
16 0 94 0 0,2,14,47,48
17 0 34 1 33,34,35,36,49
17 1 4 1 33,34,35,36,49
18 0 5 0 31,33,34,35,36
19 0 74 0 16,33,34,35,36
19 1 37 0 16,33,34,35,36
20 0 64 1 21,33,34,35,36
21 0 34 1 33,34,35,36,49
22 0 127 0 10,22,33,34,35
22 1 114 0 10,22,33,34,35
23 0 173 1 5,10,21,33,34
24 0 68 1 0,33,34,35,36
24 1 157 1 0,33,34,35,36
25 0 26 0 0,1,2,12,20
26 0 44 0 0,1,2,12,20
27 0 30 1 0,1,2,12,20
27 1 29 1 0,1,2,12,20
28 0 175 0 5,16,33,34,35
29 0 160 0 33,34,35,36,37
29 1 101 0 33,34,35,36,37
30 0 8 1 16,33,34,35,36
31 0 156 1 0,12,13,14,15
32 0 68 0 5,6,33,34,35
32 1 77 0 5,6,33,34,35
33 0 163 1 5,6,33,34,35
34 0 144 1 0,12,13,14,15
34 1 160 1 0,12,13,14,15
