80 6 7 720

0 0 46 1 0,1,2,3,4,5,6,7
0 1 117 1 0,1,2,3,4,5,6,7
1 0 147 0 8,9,10,11,12
2 0 47 0 8,9,10,13,14
2 1 80 0 8,9,10,13,14
3 0 49 1 0,15,16,17,18
4 0 97 1 8,19,20,21,22
4 1 66 1 8,19,20,21,22
5 0 29 0 0,1,2,3,4,5,6,15,16,17,18,23,24,25,26,27,28,29,30,31,32,33,34
6 0 131 0 14,35,36,37,38
7 0 174 1 1,2,3,17,23,24,28,30,34,39,40,41,42,43,44,45,46,47,48,49,50,51,52,53,54,55,56,57,58,59,60,61,62,63,64,65,66,67,68,69,70,71,72,73,74,75,76
7 1 172 1 1,2,3,17,23,24,28,30,34,39,40,41,42,43,44,45,46,47,48,49,50,51,52,53,54,55,56,57,58,59,60,61,62,63,64,65,66,67,68,69,70,71,72,73,74,75,76
8 0 77 0 0,17,18,23,26
9 0 60 0 77,78,79,80,81
9 1 157 0 77,78,79,80,81
10 0 103 1 0,6,16,17,23
11 0 66 1 82,83,84,85,86
12 0 53 0 8,87,88
12 1 76 0 8,87,88
13 0 51 1 0,2,4,7,18,26,28,33,39,42,43,89,90,91,92,93
14 0 90 1 0,4,15,18,29
14 1 11 1 0,4,15,18,29
15 0 24 0 94,95,96,97,98
16 0 94 0 0,2,17,25,31
17 0 34 1 80,81,83,86,99,100,101,102,103,104,105,106,107,108,109,110,111,112
17 1 74 1 80,81,83,86,99,100,101,102,103,104,105,106,107,108,109,110,111,112
18 0 5 0 81,113,114,115,116
19 0 74 0 117,118,119,120,121,122,123,124,125,126
19 1 131 0 117,118,119,120,121,122,123,124,125,126
20 0 64 1 35,37,127,128,129,130,131,132,133,134,135,136,137,138,139,140,141,142,143,144,145,146,147,148,149,150,151,152,153,154,155,156,157,158,159,160,161,162,163,164,165,166,167,168,169,170,171,172,173,174,175,176,177
21 0 34 1 80,81,83,86,99,100,101,102,103,104,105,106,107,108,109,110,111,112
22 0 127 0 12,13,36,37,127,128,178,179
22 1 19 0 12,13,36,37,127,128,178,179
23 0 173 1 8,13,35,128,129
24 0 68 1 0,180,181,182,183
24 1 64 1 0,180,181,182,183
25 0 26 0 0,1,2,3,4,5,6,7,15,16,17,18,23,24,25,26,27,28,29,30,31,32,33,34,39,40,89,184
26 0 44 0 0,1,2,3,4,5,6,15,16,17,18,23,24,25,26,27,28,29,30,31,32,33,34
27 0 30 1 0,1,2,3,4,5,6,7,15,16,17,18,23,24,25,26,27,28,29,30,31,32,33,34,39,40,41,89,90,184,185
27 1 103 1 0,1,2,3,4,5,6,7,15,16,17,18,23,24,25,26,27,28,29,30,31,32,33,34,39,40,41,89,90,184,185
28 0 175 0 8,19,20,21,22,32,37,87,124,132,134,135,136,137,140,141,186,187,188,189,190,191,192,193,194,195,196,197,198
29 0 160 0 82,83,84,85,86
29 1 175 0 82,83,84,85,86
30 0 8 1 199,200,201,202,203,204,205,206
31 0 156 1 0,15,16,17,18
32 0 68 0 8,9,130,178,196
32 1 47 0 8,9,130,178,196
33 0 163 1 8,9,130,178,196
34 0 144 1 0,15,16,17,18
34 1 69 1 0,15,16,17,18
35 0 178 0 207,208,209,210,211
36 0 49 0 0,15,16,17,18
37 0 51 1 13,127,128,138,178
37 1 90 1 13,127,128,138,178
38 0 78 0 0,1,2,5,15,16,17,26,28,42,91,212,213,214,215,216,217,218,219,220,221
39 0 120 0 1,2,5,6,7,15,23,28,29,39,40,42,43,89,184,222,223,224,225,226,227,228,229
39 1 130 0 1,2,5,6,7,15,23,28,29,39,40,42,43,89,184,222,223,224,225,226,227,228,229
40 0 29 1 0,1,2,3,4,5,6,15,16,17,18,23,24,25,26,27,28,29,30,31,32,33,34
41 0 44 1 85,99,230,231,232
42 0 125 0 0,2,5,17,18
42 1 32 0 0,2,5,17,18
43 0 76 1 85,124,233,234,235
44 0 156 1 94,236,237,238,239
44 1 4 1 94,236,237,238,239
45 0 69 0 82,83,84,85,86
46 0 151 0 0,15,16,18,28
47 0 96 1 8,9,10,13,14
47 1 137 1 8,9,10,13,14
48 0 26 0 0,1,2,3,4,5,6,7,15,16,17,18,23,24,25,26,27,28,29,30,31,32,33,34,39,40,89,184
49 0 25 0 0,2,15,16,17,18,24,27
49 1 173 0 0,2,15,16,17,18,24,27
50 0 170 1 0,1,3,4,15,18,23,28,29,30,39,42,223
51 0 146 1 0,1,15,18,24
52 0 36 0 8,9,10,11,12
52 1 28 0 8,9,10,11,12
53 0 18 1 99,100,104,240,241
54 0 41 1 0,1,2,15,23
54 1 83 1 0,1,2,15,23
55 0 144 0 9,13,127,128,178
56 0 17 0 13,14,36,37,128,138,178
57 0 48 1 82,83,84,85,86
57 1 76 1 82,83,84,85,86
58 0 126 0 242
59 0 125 0 37,108,110,124,125,207,210,233,243,244,245,246,247,248,249,250,251,252,253,254,255,256,257,258,259,260,261,262
59 1 78 0 37,108,110,124,125,207,210,233,243,244,245,246,247,248,249,250,251,252,253,254,255,256,257,258,259,260,261,262
60 0 37 1 9,10,35,128,263
61 0 52 1 8,9,13,14,35
62 0 90 0 0,2,16,27,28,32,33,40,42,222,264
62 1 66 0 0,2,16,27,28,32,33,40,42,222,264
63 0 80 1 8,9,10,11,12
64 0 170 1 0,1,3,4,15,18,23,28,29,30,39,42,223
64 1 94 1 0,1,3,4,15,18,23,28,29,30,39,42,223
65 0 174 0 1,2,3,17,23,24,28,30,34,39,40,41,42,43,44,45,46,47,48,49,50,51,52,53,54,55,56,57,58,59,60,61,62,63,64,65,66,67,68,69,70,71,72,73,74,75,76
66 0 126 0 242
67 0 25 1 0,2,15,16,17,18,24,27
67 1 44 1 0,2,15,16,17,18,24,27
68 0 159 0 37,124,125,207,208,209,210,211,233,243,244,245,246,247,248,249,265,266,267,268,269,270,271,272
69 0 169 0 0,2,5,6,7,16,17,28,42,51,90,91,212,223,273,274,275,276,277,278
69 1 51 0 0,2,5,6,7,16,17,28,42,51,90,91,212,223,273,274,275,276,277,278
70 0 76 1 85,124,233,234,235
71 0 115 1 85,124,208,233,234
72 0 105 0 82,83,84,85,86
72 1 170 0 82,83,84,85,86
73 0 69 1 82,83,84,85,86
74 0 178 1 207,208,209,210,211
74 1 32 1 207,208,209,210,211
75 0 60 0 9,14,35,36,37
76 0 10 0 8,19,20,188,279
77 0 87 1 280,281,282,283,284
77 1 55 1 280,281,282,283,284
78 0 87 0 212,285,286,287,288,289,290,291,292,293,294,295,296,297,298,299,300,301,302,303,304,305,306,307,308,309,310,311,312,313,314,315,316,317,318,319,320
79 0 137 0 82,83,84,85,86
79 1 62 0 82,83,84,85,86
80 0 35 1 9,13,128,129,130,131,321,322
81 0 101 1 0,1,2,15,23,24
82 0 15 0 0,2,15,18,28
82 1 169 0 0,2,15,18,28
83 0 75 1 323,324,325,326,327
84 0 76 1 85,124,233,234,235
84 1 19 1 85,124,233,234,235
85 0 131 0 1,90,212,264,328,329,330,331
86 0 37 0 9,10,35,128,263
87 0 105 1 82,83,84,85,86
87 1 166 1 82,83,84,85,86
88 0 172 0 9,14,35,36,37
89 0 178 0 207,208,209,210,211
89 1 56 0 207,208,209,210,211
90 0 41 1 0,1,2,15,23
91 0 173 1 8,13,35,128,129
92 0 8 0 79,80,81,99,232
92 1 55 0 79,80,81,99,232
93 0 94 1 207,208,209,210,243
94 0 73 1 8,13,35,128,129
94 1 139 1 8,13,35,128,129
95 0 90 0 0,4,15,18,29
96 0 76 0 0,1,2,3,4,15,16,17,18,23,24,25,26,27,28,29,30,31,32,33
97 0 164 1 0,42,91,332
97 1 124 1 0,42,91,332
98 0 80 0 0,1,2,3,4,5,6,7,15,16,17,18,23,24,25,26,27,28,29,30,31,32,33,34,39,40,41,89,90,184,185,222,223
99 0 45 0 130,131,132,133,134,190
99 1 14 0 130,131,132,133,134,190
100 0 119 1 2,5,6,7,15,23,25,28,29,39,40,42,43,89,90,184,222,223,225,226,227,333,334,335,336
101 0 103 1 0,1,2,3,4,15,16,17,18,23,24,25,26,27,28,29,30,31
102 0 151 0 28,337,338,339,340
102 1 4 0 28,337,338,339,340
103 0 105 1 0,1,2,3,4,5,6,15,16,17,18,23,24,25,26,27,28,29,30,31,32,33,34,39,184
104 0 141 1 9,35,129,141,341
104 1 33 1 9,35,129,141,341
105 0 147 0 8,9,10,11,12
106 0 80 0 82,83,84,85,86
107 0 110 1 13,36,128,178,342
107 1 119 1 13,36,128,178,342
108 0 114 0 0,2,26,28,343
109 0 165 0 8,9,13,128,129
109 1 81 0 8,9,13,128,129
110 0 179 1 344,345,346,347,348
111 0 72 1 0,4,15,18,29
112 0 156 0 94,236,237,238,239
112 1 63 0 94,236,237,238,239
113 0 77 1 0,17,18,23,26
114 0 86 1 0,2,17,26,32,90,184
114 1 69 1 0,2,17,26,32,90,184
115 0 20 0 0,2,26,28,29,30,32
116 0 42 0 99,349,350,351,352
117 0 135 1 353,354,355,356,357
117 1 51 1 353,354,355,356,357
118 0 96 0 8,9,10,13,14
119 0 145 0 8,9,10,13,14
119 1 37 0 8,9,10,13,14
120 0 68 1 0,180,181,182,183
121 0 165 1 8,9,13,128,129
122 0 78 0 0,1,2,3,4,5,6,15,16,17,18,23,24,25,26,27,28,29,30,31,32,33,34,39,184
122 1 68 0 0,1,2,3,4,5,6,15,16,17,18,23,24,25,26,27,28,29,30,31,32,33,34,39,184
123 0 48 1 82,83,84,85,86
124 0 44 1 85,99,230,231,232
124 1 152 1 85,99,230,231,232
125 0 142 0 5,32,46,358,359,360,361,362,363,364,365,366,367,368,369,370,371,372,373,374,375
126 0 129 0 0,1,2,3,4,15,16,17,18,23,24,25,26,27,28,29
127 0 80 1 79,80,81,99,232
127 1 73 1 79,80,81,99,232
128 0 86 0 128,129,178,322,342
129 0 56 0 82,83,84,85,86
129 1 48 0 82,83,84,85,86
130 0 137 1 82,83,84,85,86
131 0 8 1 79,80,81,99,232
132 0 118 0 376,377,378,379
132 1 34 0 376,377,378,379
133 0 86 1 128,129,178,322,342
134 0 111 1 0,42,91
134 1 101 1 0,42,91
135 0 125 0 0,2,5,17,18
136 0 73 0 8,13,35,128,129
137 0 129 1 0,1,2,3,4,15,16,17,18,23,24,25,26,27,28,29
137 1 151 1 0,1,2,3,4,15,16,17,18,23,24,25,26,27,28,29
138 0 157 0 0,1,17,18,29
139 0 6 0 0,1,2,3,4,5,6,15,16,17,18,23,24,25,26,27,28,29,30,31,32,33,34,39
139 1 41 0 0,1,2,3,4,5,6,15,16,17,18,23,24,25,26,27,28,29,30,31,32,33,34,39
140 0 115 1 0,4,16,17,18,23,90,264,273
141 0 81 1 0,2,7,16,28,32,34,42,264
142 0 9 0 37,108,110,124,125,207,210,233,243,244,245,246,247,248,249,250,251,252,253,254,255,256,257
142 1 23 0 37,108,110,124,125,207,210,233,243,244,245,246,247,248,249,250,251,252,253,254,255,256,257
143 0 14 1 376,377,378,379
144 0 109 1 376,377,378,379
144 1 78 1 376,377,378,379
145 0 98 0 0,5,6,15,16,17,29,32,39,42,184,264
146 0 51 0 8,20,21,186,187,191,192,380,381
147 0 25 1 0,2,15,16,17,18,24,27
147 1 157 1 0,2,15,16,17,18,24,27
148 0 101 0 0,1,2,15,23,24
149 0 55 0 8,9,13,128,129
149 1 69 0 8,9,13,128,129
150 0 179 1 344,345,346,347,348
151 0 125 1 0,2,5,17,18
152 0 52 0 0,7,18,24,26
152 1 69 0 0,7,18,24,26
153 0 74 1 117,118,119,120,121,122,123,124,125,126
154 0 60 1 9,14,35,36,37
154 1 101 1 9,14,35,36,37
155 0 171 0 9,14,35,36,131
156 0 66 0 8,9,10,11,12
157 0 36 1 81,113,114,115,116
157 1 158 1 81,113,114,115,116
158 0 160 0 8,9,10,11,12
159 0 103 0 0,1,2,3,4,15,16,17,18,23,24,25,26,27,28,29,30,31
159 1 147 0 0,1,2,3,4,15,16,17,18,23,24,25,26,27,28,29,30,31
160 0 9 1 37,108,110,124,125,207,210,233,243,244,245,246,247,248,249,250,251,252,253,254,255,256,257
161 0 110 1 13,36,128,178,342
162 0 32 0 91,292,382,383,384
162 1 79 0 91,292,382,383,384
163 0 156 1 0,1,2,3,4,6,17,18,23,25,28,31,33,39,42,43,71,89,94,212,385,386,387,388,389,390,391,392,393,394,395,396
164 0 129 1 0,1,2,3,4,15,16,17,18,23,24,25,26,27,28,29
164 1 125 1 0,1,2,3,4,15,16,17,18,23,24,25,26,27,28,29
165 0 60 0 77,78,79,80,81
166 0 114 0 0,2,26,28,343
167 0 94 1 0,2,17,25,31
167 1 37 1 0,2,17,25,31
168 0 119 0 2,5,6,7,15,23,25,28,29,39,40,42,43,89,90,184,222,223,225,226,227,333,334,335,336
169 0 94 0 0,2,17,25,31
169 1 77 0 0,2,17,25,31
170 0 64 1 35,37,127,128,129,130,131,132,133,134,135,136,137,138,139,140,141,142,143,144,145,146,147,148,149,150,151,152,153,154,155,156,157,158,159,160,161,162,163,164,165,166,167,168,169,170,171,172,173,174,175,176,177
171 0 112 1 0,15,16,18,23
172 0 150 0 212,294,300,307,317,397,398
172 1 10 0 212,294,300,307,317,397,398
173 0 60 1 9,14,35,36,37
174 0 76 1 0,1,2,3,4,15,16,17,18,23,24,25,26,27,28,29,30,31,32,33
174 1 11 1 0,1,2,3,4,15,16,17,18,23,24,25,26,27,28,29,30,31,32,33
175 0 42 0 99,349,350,351,352
176 0 41 0 0,1,2,15,23
177 0 35 1 9,13,128,129,130,131,321,322
177 1 52 1 9,13,128,129,130,131,321,322
178 0 111 0 8,9,10,11,12
179 0 11 0 8,37,88,124
179 1 170 0 8,37,88,124
180 0 20 1 0,2,15,16,17
181 0 64 1 0,93,399,400,401
182 0 10 0 8,19,20,188,279
182 1 41 0 8,19,20,188,279
183 0 20 1 0,2,15,16,17
184 0 165 1 8,9,13,128,129
184 1 165 1 8,9,13,128,129
185 0 52 0 0,7,18,24,26
186 0 174 0 1,2,3,17,23,24,28,30,34,39,40,41,42,43,44,45,46,47,48,49,50,51,52,53,54,55,56,57,58,59,60,61,62,63,64,65,66,67,68,69,70,71,72,73,74,75,76
187 0 151 1 0,15,16,18,28
187 1 73 1 0,15,16,18,28
188 0 78 0 0,1,2,3,4,5,6,15,16,17,18,23,24,25,26,27,28,29,30,31,32,33,34,39,184
189 0 125 0 8,9,13,14,263
189 1 124 0 8,9,13,14,263
190 0 157 1 0,1,17,18,29
191 0 66 1 82,83,84,85,86
192 0 34 0 80,81,83,86,99,100,101,102,103,104,105,106,107,108,109,110,111,112
192 1 11 0 80,81,83,86,99,100,101,102,103,104,105,106,107,108,109,110,111,112
193 0 173 1 8,9,130,178,196
194 0 34 1 13,128,138,178,342
194 1 53 1 13,128,138,178,342
195 0 64 0 9,14,35,36,131
196 0 77 0 0,17,18,23,26
197 0 18 1 94,236,237,238,239
197 1 138 1 94,236,237,238,239
198 0 76 0 0,1,2,3,4,15,16,17,18,23,24,25,26,27,28,29,30,31,32,33
199 0 177 0 94,236,237,238,239
199 1 17 0 94,236,237,238,239
200 0 69 1 82,83,84,85,86
201 0 34 1 13,128,138,178,342
202 0 86 0 128,129,178,322,342
202 1 66 0 128,129,178,322,342
203 0 80 1 199,287,288,289,290,291,292,293,294,295,296,297,298,402
204 0 79 1 8,21,22,37,115,141,186,188,193,380,381,403,404,405,406,407,408,409,410,411,412,413,414,415,416,417
204 1 50 1 8,21,22,37,115,141,186,188,193,380,381,403,404,405,406,407,408,409,410,411,412,413,414,415,416,417
205 0 32 0 37,124,210,244,246,248,265,266,269
206 0 94 0 207,208,209,210,243
207 0 145 1 8,9,10,13,14
207 1 31 1 8,9,10,13,14
208 0 164 0 0,42,91,332
209 0 174 0 9,14,35,36,37
209 1 8 0 9,14,35,36,37
210 0 114 1 0,2,26,28,343
211 0 44 1 85,124,233,234,235
212 0 150 0 2,212,418,419,420
212 1 55 0 2,212,418,419,420
213 0 36 1 8,9,10,11,12
214 0 103 1 0,1,2,3,4,15,16,17,18,23,24,25,26,27,28,29,30,31
214 1 14 1 0,1,2,3,4,15,16,17,18,23,24,25,26,27,28,29,30,31
215 0 144 0 9,13,127,128,178
216 0 137 0 207,243,421
217 0 156 1 94,236,237,238,239
217 1 50 1 94,236,237,238,239
218 0 60 0 37,125,207,208,210,243,244,246,247,249,266,267,269,271
219 0 161 0 0,2,6,15,17,26,27,28,29,32,39,41,42,55,60,89,184,185,212,387,389,390,393,422,423,424,425,426,427,428,429,430,431,432
219 1 77 0 0,2,6,15,17,26,27,28,29,32,39,41,42,55,60,89,184,185,212,387,389,390,393,422,423,424,425,426,427,428,429,430,431,432
220 0 22 1 8,20,21,22,37,115,132,133,134,136,140,141,145,155,188,190,193,195,197,403,433,434,435,436,437,438,439,440,441,442,443
221 0 45 1 130,131,132,133,134,190
222 0 41 0 0,1,2,15,23
222 1 42 0 0,1,2,15,23
223 0 14 1 8,9,13,133,138
224 0 147 1 8,9,10,11,12
224 1 148 1 8,9,10,11,12
225 0 133 0 37,85,124,233,234,235,444,445,446
226 0 144 0 0,15,16,17,18
227 0 151 1 0,15,16,18,28
227 1 134 1 0,15,16,18,28
228 0 18 0 94,236,237,238,239
229 0 94 0 0,2,17,25,31
229 1 105 0 0,2,17,25,31
230 0 105 1 42,94,236,237,239
231 0 55 1 8,9,13,128,129
232 0 157 0 0,1,17,18,29
232 1 69 0 0,1,17,18,29
233 0 159 1 37,124,125,207,208,209,210,211,233,243,244,245,246,247,248,249,265,266,267,268,269,270,271,272
234 0 32 1 91,292,382,383,384
234 1 60 1 91,292,382,383,384
235 0 45 0 130,131,132,133,134,190
236 0 83 0 2,6,15,27,29,39,42,91,264,447,448
237 0 94 1 0,2,17,25,31
237 1 36 1 0,2,17,25,31
238 0 147 0 82,83,84,85,86,449
239 0 78 0 0,1,2,5,15,16,17,26,28,42,91,212,213,214,215,216,217,218,219,220,221
239 1 98 0 0,1,2,5,15,16,17,26,28,42,91,212,213,214,215,216,217,218,219,220,221
240 0 49 1 0,15,16,17,18
241 0 98 1 2,212,418,419,420
242 0 111 0 0,42,91
242 1 176 0 0,42,91
243 0 159 1 8,9,13,14,450
244 0 173 1 8,9,130,178,196
244 1 179 1 8,9,130,178,196
245 0 171 0 9,14,35,36,131
246 0 129 0 0,1,2,3,4,15,16,17,18,23,24,25,26,27,28,29
247 0 112 1 0,15,16,18,23
247 1 165 1 0,15,16,18,23
248 0 157 0 8,9,10,11,12
249 0 69 0 13,14,128,138,178
249 1 142 0 13,14,128,138,178
250 0 137 1 207,243,421
251 0 4 1 0,1,2,3,4,15,16,17,18,23,24,25,26,27,28,29,30,31,32,33
252 0 44 0 85,99,230,231,232
252 1 100 0 85,99,230,231,232
253 0 97 1 0,5,16,17,25,32,42,91,212,264,451,452,453,454,455,456,457,458,459
254 0 30 1 212,285,287,289,297,299,301,308,314,315,316,460
254 1 4 1 212,285,287,289,297,299,301,308,314,315,316,460
255 0 120 0 1,2,5,6,7,15,23,28,29,39,40,42,43,89,184,222,223,224,225,226,227,228,229
256 0 18 0 99,100,104,240,241
257 0 144 1 9,13,127,128,178
257 1 59 1 9,13,127,128,178
258 0 78 0 79,80,81,99,232
259 0 44 0 85,124,233,234,235
259 1 103 0 85,124,233,234,235
260 0 73 1 8,13,35,128,129
261 0 51 1 8,20,21,186,187,191,192,380,381
262 0 151 0 0,15,16,18,28
262 1 8 0 0,15,16,18,28
263 0 73 1 37,124,210,244,246,248,251,253,265,266,269,461
264 0 125 1 8,9,13,14,263
264 1 156 1 8,9,13,14,263
265 0 55 0 0,2,17,18,24,30
266 0 4 0 0,1,2,3,4,15,16,17,18,23,24,25,26,27,28,29,30,31,32,33
267 0 25 1 421,462,463,464,465,466,467,468,469,470,471,472,473,474,475,476,477,478,479,480,481,482,483,484,485,486,487,488,489,490,491,492,493,494,495,496,497,498,499,500,501,502,503,504,505,506,507,508,509,510,511,512
267 1 138 1 421,462,463,464,465,466,467,468,469,470,471,472,473,474,475,476,477,478,479,480,481,482,483,484,485,486,487,488,489,490,491,492,493,494,495,496,497,498,499,500,501,502,503,504,505,506,507,508,509,510,511,512
268 0 49 0 0,15,16,17,18
269 0 160 0 242
269 1 98 0 242
270 0 51 1 13,127,128,138,178
271 0 49 1 0,15,16,17,18
272 0 76 0 85,124,233,234,235
272 1 76 0 85,124,233,234,235
273 0 55 1 8,9,13,128,129
274 0 97 1 0,5,16,17,25,32,42,91,212,264,451,452,453,454,455,456,457,458,459
274 1 60 1 0,5,16,17,25,32,42,91,212,264,451,452,453,454,455,456,457,458,459
275 0 148 0 8,9,130,178,196
276 0 36 0 81,113,114,115,116
277 0 4 1 0,1,2,3,4,15,16,17,18,23,24,25,26,27,28,29,30,31,32,33
277 1 47 1 0,1,2,3,4,15,16,17,18,23,24,25,26,27,28,29,30,31,32,33
278 0 49 0 0,15,16,17,18
279 0 160 0 8,9,10,11,12
279 1 160 0 8,9,10,11,12
280 0 120 1 1,2,5,6,7,15,23,28,29,39,40,42,43,89,184,222,223,224,225,226,227,228,229
281 0 75 1 0,15,16,18,27
282 0 34 0 13,128,138,178,342
282 1 49 0 13,128,138,178,342
283 0 37 1 8,9,10,11,12
284 0 34 1 13,128,138,178,342
284 1 142 1 13,128,138,178,342
285 0 173 0 8,13,35,128,129
286 0 94 0 0,2,17,25,31
287 0 149 1 9,10,13,37,38,128,129,130,131,132,135,138,140,141,145,178,195,263,321,322,342,513,514,515
287 1 30 1 9,10,13,37,38,128,129,130,131,132,135,138,140,141,145,178,195,263,321,322,342,513,514,515
288 0 159 0 8,9,13,14,450
289 0 18 0 94,236,237,238,239
289 1 25 0 94,236,237,238,239
290 0 52 1 8,9,13,14,35
291 0 31 1 0,2,6,15,29,42,90,264,273
292 0 179 0 344,345,346,347,348
292 1 30 0 344,345,346,347,348
293 0 160 1 8,9,10,11,12
294 0 164 1 8,20,21,22,37,115,141,193,196,380,403,404,405,406,407,516,517,518,519,520,521,522,523,524,525,526
294 1 151 1 8,20,21,22,37,115,141,193,196,380,403,404,405,406,407,516,517,518,519,520,521,522,523,524,525,526
295 0 73 0 37,124,210,244,246,248,251,253,265,266,269,461
296 0 101 0 0,1,2,15,23,24
297 0 175 1 8,19,20,21,22,32,37,87,124,132,134,135,136,137,140,141,186,187,188,189,190,191,192,193,194,195,196,197,198
297 1 9 1 8,19,20,21,22,32,37,87,124,132,134,135,136,137,140,141,186,187,188,189,190,191,192,193,194,195,196,197,198
298 0 52 0 8,9,13,14,35
299 0 46 0 0,2,16,18,25,28
299 1 105 0 0,2,16,18,25,28
300 0 144 1 0,15,16,17,18
301 0 22 1 37,125,233,246,248,249,251,269,270,444,461,527,528,529,530,531,532,533,534
302 0 64 0 35,37,127,128,129,130,131,132,133,134,135,136,137,138,139,140,141,142,143,144,145,146,147,148,149,150,151,152,153,154,155,156,157,158,159,160,161,162,163,164,165,166,167,168,169,170,171,172,173,174,175,176,177
302 1 134 0 35,37,127,128,129,130,131,132,133,134,135,136,137,138,139,140,141,142,143,144,145,146,147,148,149,150,151,152,153,154,155,156,157,158,159,160,161,162,163,164,165,166,167,168,169,170,171,172,173,174,175,176,177
303 0 141 1 13,36,37,128,178
304 0 112 1 0,1,2,3,4,5,6,7,15,16,17,18,23,24,25,26,27,28,29,30,31,32,33,34,39,40,41,89,90,184,185,222
304 1 22 1 0,1,2,3,4,5,6,7,15,16,17,18,23,24,25,26,27,28,29,30,31,32,33,34,39,40,41,89,90,184,185,222
305 0 56 0 82,83,84,85,86
306 0 14 0 376,377,378,379
307 0 163 1 8,9,130,178,196
307 1 178 1 8,9,130,178,196
308 0 80 0 0,1,2,3,4,5,6,7,15,16,17,18,23,24,25,26,27,28,29,30,31,32,33,34,39,40,41,89,90,184,185,222,223
309 0 131 0 1,90,212,264,328,329,330,331
309 1 98 0 1,90,212,264,328,329,330,331
310 0 151 1 0,15,16,18,28
311 0 160 1 242
312 0 69 0 82,83,84,85,86
312 1 73 0 82,83,84,85,86
313 0 118 1 376,377,378,379
314 0 48 1 0,1,2,3,4,15,16,17,18,23,24,25,26,27,28,29,30,31
314 1 20 1 0,1,2,3,4,15,16,17,18,23,24,25,26,27,28,29,30,31
315 0 46 0 0,2,16,18,25,28
316 0 98 0 2,212,418,419,420
317 0 8 1 0,15,28,34,93
317 1 86 1 0,15,28,34,93
318 0 48 0 0,1,2,3,4,15,16,17,18,23,24,25,26,27,28,29,30,31
319 0 109 0 376,377,378,379
319 1 94 0 376,377,378,379
320 0 105 1 0,1,2,3,4,5,6,15,16,17,18,23,24,25,26,27,28,29,30,31,32,33,34,39,184
321 0 50 1 0,1,2,3,4,5,6,7,15,16,17,18,23,24,25,26,27,28,29,30,31,32,33,34,39,40,41,89,90,184,185,222
322 0 52 0 0,7,18,24,26
322 1 139 0 0,7,18,24,26
323 0 68 1 0,180,181,182,183
324 0 75 1 0,15,16,18,27
324 1 103 1 0,15,16,18,27
325 0 159 0 8,9,13,14,450
326 0 32 0 37,124,210,244,246,248,265,266,269
327 0 148 1 104,535,536,537,538
327 1 34 1 104,535,536,537,538
328 0 34 0 13,128,138,178,342
329 0 78 0 79,80,81,99,232
329 1 44 0 79,80,81,99,232
330 0 109 1 13,36,37,128,178
331 0 164 1 8,20,21,22,37,115,141,193,196,380,403,404,405,406,407,516,517,518,519,520,521,522,523,524,525,526
332 0 78 0 79,80,81,99,232
332 1 90 0 79,80,81,99,232
333 0 159 1 8,9,13,14,450
334 0 169 1 77,78,79,80,81
334 1 80 1 77,78,79,80,81
335 0 146 0 0,1,15,18,24
336 0 32 0 91,292,382,383,384
337 0 67 1 0,15,16,18,23
337 1 157 1 0,15,16,18,23
338 0 101 0 0,1,2,15,23,24
339 0 80 0 79,80,81,99,232
339 1 89 0 79,80,81,99,232
340 0 44 1 0,1,2,3,4,5,6,15,16,17,18,23,24,25,26,27,28,29,30,31,32,33,34
341 0 30 1 212,285,287,289,297,299,301,308,314,315,316,460
342 0 53 0 32,539,540,541,542
342 1 81 0 32,539,540,541,542
343 0 105 1 0,1,2,3,4,5,6,15,16,17,18,23,24,25,26,27,28,29,30,31,32,33,34,39,184
344 0 178 1 207,208,209,210,211
344 1 127 1 207,208,209,210,211
345 0 101 0 0,1,2,15,23,24
346 0 49 0 0,15,16,17,18
347 0 68 1 0,180,181,182,183
347 1 19 1 0,180,181,182,183
348 0 98 0 0,5,6,15,16,17,29,32,39,42,184,264
349 0 169 0 77,78,79,80,81
349 1 105 0 77,78,79,80,81
350 0 44 1 85,99,230,231,232
351 0 68 1 0,180,181,182,183
352 0 64 0 9,14,35,36,131
352 1 151 0 9,14,35,36,131
353 0 80 1 199,287,288,289,290,291,292,293,294,295,296,297,298,402
354 0 109 1 13,36,37,128,178
354 1 125 1 13,36,37,128,178
355 0 53 0 32,539,540,541,542
356 0 171 0 9,14,35,36,131
357 0 24 1 94,95,96,97,98
357 1 152 1 94,95,96,97,98
358 0 89 0 282,324,353,543,544,545,546,547,548,549,550,551,552,553,554,555,556,557
359 0 80 0 82,83,84,85,86
359 1 154 0 82,83,84,85,86
360 0 4 1 0,1,2,3,4,5,6,7,15,16,17,23,24,25,26,27,28,29,30,31,32,34,39,40,41,42,43,89,90,91,184,185,222,223,264,273,558,559,560
361 0 11 1 8,37,88,124
362 0 28 0 37,109,124,125,233,246,248,250,251,269,270,342,461,488,529,561,562,563,564,565,566,567,568,569,570
362 1 68 0 37,109,124,125,233,246,248,250,251,269,270,342,461,488,529,561,562,563,564,565,566,567,568,569,570
363 0 69 1 13,14,128,138,178
364 0 35 1 9,13,128,129,130,131,321,322
364 1 77 1 9,13,128,129,130,131,321,322
365 0 165 0 8,9,13,128,129
366 0 79 0 8,21,22,37,115,141,186,188,193,380,381,403,404,405,406,407,408,409,410,411,412,413,414,415,416,417
367 0 171 1 9,14,35,36,131
367 1 45 1 9,14,35,36,131
368 0 40 0 0,2,5,6,15,17,18,25,31,42,90,91,184
369 0 6 0 0,1,2,3,4,5,6,15,16,17,18,23,24,25,26,27,28,29,30,31,32,33,34,39
369 1 124 0 0,1,2,3,4,5,6,15,16,17,18,23,24,25,26,27,28,29,30,31,32,33,34,39
370 0 125 1 8,9,13,14,263
371 0 11 1 8,37,88,124
372 0 66 0 0,2,5,6,7,15,16,17,18,25,29,30,31,39,42,43,44,91,95,213,385,571,572,573,574,575,576,577,578,579,580,581,582,583,584,585,586,587,588,589,590
372 1 148 0 0,2,5,6,7,15,16,17,18,25,29,30,31,39,42,43,44,91,95,213,385,571,572,573,574,575,576,577,578,579,580,581,582,583,584,585,586,587,588,589,590
373 0 20 1 0,2,15,16,17
374 0 160 1 8,9,10,11,12
374 1 87 1 8,9,10,11,12
375 0 28 0 37,109,124,125,233,246,248,250,251,269,270,342,461,488,529,561,562,563,564,565,566,567,568,569,570
376 0 66 0 8,9,10,11,12
377 0 161 1 0,2,6,15,17,26,27,28,29,32,39,41,42,55,60,89,184,185,212,387,389,390,393,422,423,424,425,426,427,428,429,430,431,432
377 1 31 1 0,2,6,15,17,26,27,28,29,32,39,41,42,55,60,89,184,185,212,387,389,390,393,422,423,424,425,426,427,428,429,430,431,432
378 0 169 0 0,2,5,6,7,16,17,28,42,51,90,91,212,223,273,274,275,276,277,278
379 0 115 0 85,124,208,233,234
379 1 89 0 85,124,208,233,234
380 0 66 1 82,83,84,85,86
381 0 34 1 13,128,138,178,342
382 0 132 0 81,211,243,244,258,265,354,450,532,550,568,591,592,593,594,595,596
382 1 86 0 81,211,243,244,258,265,354,450,532,550,568,591,592,593,594,595,596
383 0 111 1 0,42,91
384 0 87 1 597
384 1 8 1 597
385 0 47 0 8,9,10,13,14
386 0 60 0 77,78,79,80,81
387 0 132 1 99,230,598,599,600
387 1 48 1 99,230,598,599,600
388 0 164 0 0,42,91,332
389 0 32 0 91,292,382,383,384
389 1 178 0 91,292,382,383,384
390 0 64 1 0,93,399,400,401
391 0 137 1 82,83,84,85,86
392 0 39 0 0,1,2,3,4,5,6,7,15,16,17,18,23,24,25,26,27,28,29,30,31,32,33,34,39,40,41,42,43,89,90,91,184,185,212,222,223,264,273,385,387,601
392 1 171 0 0,1,2,3,4,5,6,7,15,16,17,18,23,24,25,26,27,28,29,30,31,32,33,34,39,40,41,42,43,89,90,91,184,185,212,222,223,264,273,385,387,601
393 0 55 1 0,2,17,18,24,30
394 0 105 1 42,94,236,237,239
394 1 125 1 42,94,236,237,239
395 0 126 0 242
396 0 33 0 94,236,237,238,239
397 0 156 1 0,15,16,17,18
397 1 89 1 0,15,16,17,18
398 0 97 0 8,19,20,21,22
399 0 137 0 207,243,421
399 1 34 0 207,243,421
400 0 112 1 0,1,2,3,4,5,6,7,15,16,17,18,23,24,25,26,27,28,29,30,31,32,33,34,39,40,41,89,90,184,185,222
401 0 135 1 353,354,355,356,357
402 0 86 0 0,2,17,26,32,90,184
402 1 179 0 0,2,17,26,32,90,184
403 0 22 1 9,12,13,14,145,263,414,536,602,603,604,605,606,607,608
404 0 41 1 0,1,2,15,23
404 1 96 1 0,1,2,15,23
405 0 11 0 8,37,88,124
406 0 103 0 0,6,16,17,23
407 0 132 1 99,230,598,599,600
407 1 159 1 99,230,598,599,600
408 0 96 0 8,9,10,13,14
409 0 157 0 9,14,35,36,37
409 1 131 0 9,14,35,36,37
410 0 48 1 0,1,2,3,4,15,16,17,18,23,24,25,26,27,28,29,30,31
411 0 111 1 0,42,91
412 0 80 0 79,80,81,99,232
412 1 49 0 79,80,81,99,232
413 0 172 1 9,14,35,36,37
414 0 156 1 0,1,2,3,4,6,17,18,23,25,28,31,33,39,42,43,71,89,94,212,385,386,387,388,389,390,391,392,393,394,395,396
414 1 62 1 0,1,2,3,4,6,17,18,23,25,28,31,33,39,42,43,71,89,94,212,385,386,387,388,389,390,391,392,393,394,395,396
415 0 73 0 8,13,35,128,129
416 0 137 0 82,83,84,85,86
417 0 5 1 81,113,114,115,116
417 1 64 1 81,113,114,115,116
418 0 148 0 104,535,536,537,538
419 0 80 0 199,287,288,289,290,291,292,293,294,295,296,297,298,402
419 1 25 0 199,287,288,289,290,291,292,293,294,295,296,297,298,402
420 0 141 1 13,36,37,128,178
421 0 103 1 0,6,16,17,23
422 0 109 0 13,36,37,128,178
422 1 148 0 13,36,37,128,178
423 0 169 1 77,78,79,80,81
424 0 87 1 609
424 1 105 1 609
425 0 15 0 0,2,15,18,28
426 0 4 0 0,1,2,3,4,5,6,7,15,16,17,23,24,25,26,27,28,29,30,31,32,34,39,40,41,42,43,89,90,91,184,185,222,223,264,273,558,559,560
427 0 41 1 0,1,2,15,23
427 1 124 1 0,1,2,15,23
428 0 10 0 8,19,20,188,279
429 0 98 0 2,212,418,419,420
429 1 162 0 2,212,418,419,420
430 0 32 1 37,124,210,244,246,248,265,266,269
431 0 93 1 9,12,13,37,127,128,138,178,603,610,611
432 0 129 0 0,15,17,18,25,31,42,91,425,612,613,614,615,616,617,618,619,620,621,622,623,624,625,626,627
432 1 137 0 0,15,17,18,25,31,42,91,425,612,613,614,615,616,617,618,619,620,621,622,623,624,625,626,627
433 0 152 1 82,83,84,85,86
434 0 163 1 8,9,130,178,196
434 1 175 1 8,9,130,178,196
435 0 96 0 8,9,10,13,14
436 0 80 0 79,80,81,99,232
437 0 78 1 79,80,81,99,232
437 1 137 1 79,80,81,99,232
438 0 115 0 0,4,16,17,18,23,90,264,273
439 0 66 0 8,9,10,13,14,37,139
439 1 130 0 8,9,10,13,14,37,139
440 0 20 1 0,2,26,28,29,30,32
441 0 156 1 0,15,16,17,18
442 0 53 0 32,539,540,541,542
442 1 137 0 32,539,540,541,542
443 0 119 1 2,5,6,7,15,23,25,28,29,39,40,42,43,89,90,184,222,223,225,226,227,333,334,335,336
444 0 137 1 207,243,421
444 1 83 1 207,243,421
445 0 20 0 0,2,15,16,17
446 0 66 0 82,83,84,85,86
447 0 144 1 9,13,127,128,178
447 1 73 1 9,13,127,128,178
448 0 75 0 210,244,266,512,628
