80 6 7 720

0 0 46 1 0,1,2,3,4
0 1 119 1 0,1,2,3,4
1 0 147 0 5,6,7,8,9
2 0 47 0 5,6,7,10,11
2 1 25 0 5,6,7,10,11
3 0 49 1 0,12,13,14,15
4 0 97 1 5,16,17,18,19
4 1 103 1 5,16,17,18,19
5 0 29 0 0,1,2,12,20
6 0 131 0 11,21,22,23,24
7 0 174 1 1,2,14,20,25
7 1 125 1 1,2,14,20,25
8 0 77 0 0,14,15,20,26
9 0 60 0 27,28,29,30,31
9 1 75 0 27,28,29,30,31
10 0 103 1 0,13,14,20,32
11 0 66 1 33,34,35,36,37
12 0 53 0 5,38,39
12 1 11 0 5,38,39
13 0 51 1 0,2,4,15,40
14 0 90 1 0,4,12,15,41
14 1 114 1 0,4,12,15,41
15 0 24 0 42,43,44,45,46
16 0 94 0 0,2,14,47,48
17 0 34 1 49,50,51,52,53
17 1 121 1 49,50,51,52,53
18 0 5 0 31,54,55,56,57
19 0 74 0 58,59,60,61,62
19 1 151 0 58,59,60,61,62
20 0 64 1 21,63,64,65,66
21 0 34 1 49,50,51,52,53
22 0 127 0 10,22,63,64,67
22 1 32 0 10,22,63,64,67
23 0 173 1 5,10,21,64,65
24 0 68 1 0,68,69,70,71
24 1 29 1 0,68,69,70,71
25 0 26 0 0,1,2,12,20
26 0 44 0 0,1,2,12,20
27 0 30 1 0,1,2,12,20
27 1 151 1 0,1,2,12,20
28 0 175 0 5,16,72,73,74
29 0 160 0 33,34,35,36,37
29 1 31 0 33,34,35,36,37
30 0 8 1 75,76,77,78,79
31 0 156 1 0,12,13,14,15
32 0 68 0 5,6,33,66,67
32 1 119 0 5,6,33,66,67
33 0 163 1 5,6,33,66,67
34 0 144 1 0,12,13,14,15
34 1 42 1 0,12,13,14,15
35 0 178 0 33,34,35,36,37
36 0 49 0 0,12,13,14,15
37 0 51 1 10,33,63,64,67
37 1 69 1 10,33,63,64,67
38 0 78 0 0,1,2,12,26
39 0 120 0 1,2,12,20,40
39 1 64 0 1,2,12,20,40
40 0 29 1 0,1,2,12,20
41 0 44 1 33,34,35,36,49
42 0 125 0 0,2,14,15,33
42 1 149 0 0,2,14,15,33
43 0 76 1 33,34,35,36,37
44 0 156 1 33,34,35,36,42
44 1 37 1 33,34,35,36,42
45 0 69 0 33,34,35,36,37
46 0 151 0 0,12,13,15,40
47 0 96 1 5,6,7,10,11
47 1 113 1 5,6,7,10,11
48 0 26 0 0,1,2,12,20
49 0 25 0 0,2,12,13,25
49 1 151 0 0,2,12,13,25
50 0 170 1 0,1,12,15,20
51 0 146 1 0,1,12,15,25
52 0 36 0 5,6,7,8,9
52 1 137 0 5,6,7,8,9
53 0 18 1 33,34,35,49,50
54 0 41 1 0,1,2,12,20
54 1 151 1 0,1,2,12,20
55 0 144 0 6,10,63,64,67
56 0 17 0 10,11,33,64,67
