80 6 7 720

0 0 55 1 0,1,2,3,4,5,6,7,8,9
0 1 28 1 0,1,2,3,4,5,6,7,8,9
1 0 65 0 10,11,12,13,14,15,16,17,18,19
1 1 139 0 10,11,12,13,14,15,16,17,18,19
2 0 172 1 20,21,22,23,24,25,26,27,28,29
3 0 42 0 30,31,32,33,34,35
3 1 131 0 30,31,32,33,34,35
4 0 44 1 36,37,38,39,40,41,42,43,44,45
4 1 176 1 36,37,38,39,40,41,42,43,44,45
5 0 66 0 20,28,45,46,47,48,49,50,51,52
6 0 90 1 53
6 1 97 1 53
7 0 31 0 36,54,55,56,57,58,59,60,61,62
8 0 136 0 20,37,48,63,64,65,66,67,68,69
8 1 168 0 20,37,48,63,64,65,66,67,68,69
9 0 63 1 70,71,72,73,74,75,76,77,78,79
9 1 141 1 70,71,72,73,74,75,76,77,78,79
10 0 96 0 36,54,55,56,57,58,59,60,61,62
11 0 14 1 36,80,81,82,83,84,85,86,87,88
11 1 36 1 36,80,81,82,83,84,85,86,87,88
12 0 147 0 89,90,91,92,93,94,95,96,97
13 0 180 0 36,38,80,81,82,84,98,99,100,101,102
13 1 151 0 36,38,80,81,82,84,98,99,100,101,102
14 0 151 1 36,38,81,100,103,104,105,106,107,108
14 1 80 1 36,38,81,100,103,104,105,106,107,108
15 0 131 0 54,66,85,102,109,110,111,112,113,114
16 0 97 1 115,116,117,118,119,120,121,122,123,124
16 1 5 1 115,116,117,118,119,120,121,122,123,124
17 0 83 0 0,1,33,125,126,127,128,129,130,131
18 0 134 0 132,133,134,135,136,137,138,139,140,141
18 1 169 0 132,133,134,135,136,137,138,139,140,141
19 0 164 1 135,142,143,144,145,146,147,148,149,150
19 1 171 1 135,142,143,144,145,146,147,148,149,150
20 0 73 0 90,120,135,151,152,153,154,155,156,157
21 0 109 1 20,63,137,158,159,160,161,162,163,164
21 1 41 1 20,63,137,158,159,160,161,162,163,164
22 0 109 0 0,1,2,5,20,63
23 0 157 0 20,38,53,63,64,85,88,102,104,106
23 1 150 0 20,38,53,63,64,85,88,102,104,106
24 0 12 1 20,53,63,64
24 1 60 1 20,53,63,64
25 0 84 0 20,53,63,64,67,69,90,135
26 0 41 1 20,36,38,53,57,62,63,64,67,69
26 1 66 1 20,36,38,53,57,62,63,64,67,69
27 0 105 0 36,54,55,56,57,58,59,60,61,62
28 0 144 0 36,54,55,56,57,58,59,60,61,62
28 1 148 0 36,54,55,56,57,58,59,60,61,62
29 0 44 1 115,116,117,118,119,120,121,122,123,124
29 1 66 1 115,116,117,118,119,120,121,122,123,124
30 0 131 0 54,66,85,102,109,110,111,112,113,114
31 0 72 1 20,36,53,57,63,64,67,69,77,155
31 1 39 1 20,36,53,57,63,64,67,69,77,155
32 0 104 0 20,53,57,63,64,67,69,85,127
33 0 143 0 20,53,57,63,64,67,69,135,154
33 1 64 0 20,53,57,63,64,67,69,135,154
34 0 49 1 20,36,38,44,53,63,85
34 1 158 1 20,36,38,44,53,63,85
35 0 4 0 20,53,57,63,64,67,69,90,135,157
36 0 99 1 20,36,38,63,80,81,98,99,100,103
36 1 157 1 20,36,38,63,80,81,98,99,100,103
37 0 50 0 20,53,63,90,151,153
38 0 76 0 20,36,53,57,63,64,67,69,77,115
38 1 169 0 20,36,53,57,63,64,67,69,77,115
39 0 151 1 36,38,81,100,103,104,105,106,107,108
39 1 76 1 36,38,81,100,103,104,105,106,107,108
40 0 164 0 20,36,38,53,57,63,64,67,69,151
41 0 34 1 20,36,38,53,57,63,64,67,69,135
41 1 18 1 20,36,38,53,57,63,64,67,69,135
42 0 71 0 20,36,38,53,63,64,81,101,102,104
43 0 164 0 20,36,38,53,57,63,64,67,69,151
43 1 178 0 20,36,38,53,57,63,64,67,69,151
44 0 39 1 20,36,38,53,57,63,64,67,69,120
44 1 163 1 20,36,38,53,57,63,64,67,69,120
45 0 39 0 20,36,38,53,57,62,63,64,67,69
46 0 170 1 63
46 1 150 1 63
47 0 144 0 36,54,55,56,57,58,59,60,61,62
48 0 52 0 20,24,26,53,57,63,64,67,69,106
48 1 105 0 20,24,26,53,57,63,64,67,69,106
49 0 73 1 20,36,53,57,63,64,67,69,134,156
49 1 163 1 20,36,53,57,63,64,67,69,134,156
50 0 139 0 20,36,38,53,57,62,63,64,67,69
51 0 137 1 20,36,38,53,63,64,82,84,85,104
51 1 4 1 20,36,38,53,63,64,82,84,85,104
52 0 34 0 20,36,38,53,57,63,64,67,69,135
53 0 60 0 20,21,36,38,53,57,62,63,64,67,69,70,77,85,100,103,104,106,107
53 1 165 0 20,21,36,38,53,57,62,63,64,67,69,70,77,85,100,103,104,106,107
54 0 91 1 20,36,53,57,63,64,67,69,151
54 1 103 1 20,36,53,57,63,64,67,69,151
55 0 72 0 20,36,53,57,63,64,67,69,77,155
56 0 104 1 20,53,57,63,64,67,69,85,127
56 1 5 1 20,53,57,63,64,67,69,85,127
57 0 98 0 36,54,55,56,57,58,59,60,61,62
58 0 77 0 0,2,3,5,20,63
58 1 35 0 0,2,3,5,20,63
59 0 124 1 20,53,57,63,64,67,69,115,116,155
59 1 83 1 20,53,57,63,64,67,69,115,116,155
60 0 165 0 20,36,38,53,57,63,64,67,69,135
61 0 90 1 53
61 1 97 1 53
62 0 147 0 89,90,91,92,93,94,95,96,97
63 0 31 0 36,54,55,56,57,58,59,60,61,62
63 1 142 0 36,54,55,56,57,58,59,60,61,62
64 0 65 1 10,11,12,13,14,15,16,17,18,19
64 1 157 1 10,11,12,13,14,15,16,17,18,19
65 0 164 0 135,142,143,144,145,146,147,148,149,150
66 0 161 1 20,21,36,40,53,57,63,64,67,69
66 1 14 1 20,21,36,40,53,57,63,64,67,69
67 0 55 0 0,1,2,3,4,5,6,7,8,9
68 0 162 0 20,53,63,64,67,69
68 1 84 0 20,53,63,64,67,69
69 0 33 1 20,36,38,53,57,62,63,64,67,69
69 1 80 1 20,36,38,53,57,62,63,64,67,69
70 0 137 0 20,36,38,53,63,64,82,84,85,104
71 0 151 1 36,38,81,100,103,104,105,106,107,108
71 1 165 1 36,38,81,100,103,104,105,106,107,108
72 0 144 0 36,54,55,56,57,58,59,60,61,62
73 0 84 0 20,36,38,53,57,62,63,64,67,69
73 1 87 0 20,36,38,53,57,62,63,64,67,69
74 0 42 1 30,31,32,33,34,35
74 1 39 1 30,31,32,33,34,35
75 0 115 0 20,36,38,53,57,62,63,64,67,69
76 0 136 1 20,37,48,63,64,65,66,67,68,69
76 1 72 1 20,37,48,63,64,65,66,67,68,69
77 0 45 0 20,36,53,57,63,64,67,69,115,155
78 0 161 0 20,21,36,40,53,57,63,64,67,69
78 1 61 0 20,21,36,40,53,57,63,64,67,69
79 0 21 1 20,36,53,57,63,64,67,69
79 1 94 1 20,36,53,57,63,64,67,69
80 0 77 0 20,36,38,53,57,62,63,64,67,69
