80 6 7 720

0 0 55 1 0,1,2,3,4,5,6,7,8,9
0 1 18 1 0,1,2,3,4,5,6,7,8,9
1 0 65 0 10,11,12,13,14,15,16,17,18,19
1 1 25 0 10,11,12,13,14,15,16,17,18,19
2 0 172 1 12,13,15,17,19,20,21,22,23,24
3 0 42 0 12,13,15,17,19,20
3 1 97 0 12,13,15,17,19,20
4 0 44 1 1,2,3,4,12,13,15,17,19,20
4 1 103 1 1,2,3,4,12,13,15,17,19,20
5 0 66 0 1,2,3,4,12,13,15,17,19,20
6 0 90 1 12
6 1 39 1 12
7 0 31 0 1,2,3,4,12,13,15,17,19,20
8 0 136 0 1,2,3,4,12,13,15,17,19,20
8 1 75 0 1,2,3,4,12,13,15,17,19,20
9 0 63 1 1,2,3,4,12,13,15,17,19,20
9 1 87 1 1,2,3,4,12,13,15,17,19,20
10 0 96 0 1,2,3,4,12,13,15,17,19,20
11 0 14 1 1,2,3,4,12,13,15,17,19,20
11 1 42 1 1,2,3,4,12,13,15,17,19,20
