80 6 7 720

0 0 55 1 0,1,2,3,4,5,6,7,8,9
0 1 29 1 0,1,2,3,4,5,6,7,8,9
1 0 65 0 10,11,12,13,14,15,16,17,18,19
1 1 168 0 10,11,12,13,14,15,16,17,18,19
2 0 172 1 20,21,22,23,24,25,26,27,28,29
3 0 42 0 30,31,32,33,34,35
3 1 66 0 30,31,32,33,34,35
4 0 44 1 36,37,38,39,40,41,42,43,44,45
4 1 166 1 36,37,38,39,40,41,42,43,44,45
5 0 66 0 20,28,45,46,47,48,49,50,51,52
6 0 90 1 53
6 1 161 1 53
7 0 31 0 36,54,55,56,57,58,59,60,61,62
8 0 136 0 20,37,48,63,64,65,66,67,68,69
8 1 113 0 20,37,48,63,64,65,66,67,68,69
9 0 63 1 70,71,72,73,74,75,76,77,78,79
9 1 126 1 70,71,72,73,74,75,76,77,78,79
10 0 96 0 36,54,55,56,57,58,59,60,61,62
11 0 14 1 36,80,81,82,83,84,85,86,87,88
11 1 34 1 36,80,81,82,83,84,85,86,87,88
12 0 147 0 89,90,91,92,93,94,95,96,97
13 0 180 0 36,38,80,81,82,84,98,99,100,101,102
13 1 97 0 36,38,80,81,82,84,98,99,100,101,102
14 0 151 1 36,38,81,100,103,104,105,106,107,108
14 1 86 1 36,38,81,100,103,104,105,106,107,108
15 0 131 0 54,66,85,102,109,110,111,112,113,114
16 0 97 1 115,116,117,118,119,120,121,122,123,124
16 1 165 1 115,116,117,118,119,120,121,122,123,124
17 0 83 0 0,1,33,125,126,127,128,129,130,131
18 0 134 0 132,133,134,135,136,137,138,139,140,141
18 1 86 0 132,133,134,135,136,137,138,139,140,141
19 0 164 1 135,142,143,144,145,146,147,148,149,150
19 1 103 1 135,142,143,144,145,146,147,148,149,150
20 0 73 0 90,120,135,151,152,153,154,155,156,157
21 0 109 1 137,158,159,160,161,162,163,164,165,166
21 1 20 1 137,158,159,160,161,162,163,164,165,166
22 0 109 0 0,1,2,5,167,168
23 0 157 0 38,85,88,102,104,106,169,170,171,172
23 1 106 0 38,85,88,102,104,106,169,170,171,172
24 0 12 1 173,174,175,176
24 1 53 1 173,174,175,176
25 0 84 0 90,135,177,178,179,180,181,182
26 0 41 1 183,184,185,186,187,188,189,190,191,192
26 1 144 1 183,184,185,186,187,188,189,190,191,192
27 0 105 0 36,54,55,56,57,58,59,60,61,62
28 0 144 0 36,54,55,56,57,58,59,60,61,62
28 1 34 0 36,54,55,56,57,58,59,60,61,62
29 0 44 1 115,116,117,118,119,120,121,122,123,124
29 1 8 1 115,116,117,118,119,120,121,122,123,124
30 0 131 0 54,66,85,102,109,110,111,112,113,114
31 0 72 1 77,155,177,193,194,195,196,197,198,199
31 1 147 1 77,155,177,193,194,195,196,197,198,199
32 0 104 0 85,127,183,200,201,202,203,204,205
33 0 143 0 135,154,182,199,206,207,208,209,210
33 1 77 0 135,154,182,199,206,207,208,209,210
34 0 49 1 36,38,44,85,211,212,213
34 1 22 1 36,38,44,85,211,212,213
35 0 4 0 90,135,157,208,209,210,214,215,216,217
36 0 99 1 36,38,80,81,98,99,100,103,218,219
36 1 30 1 36,38,80,81,98,99,100,103,218,219
37 0 50 0 90,151,153,208,220,221
38 0 76 0 77,115,197,222,223,224,225,226,227,228
38 1 162 0 77,115,197,222,223,224,225,226,227,228
39 0 151 1 36,38,81,100,103,104,105,106,107,108
39 1 73 1 36,38,81,100,103,104,105,106,107,108
40 0 164 0 151,208,229,230,231,232,233,234,235,236
41 0 34 1 135,197,237,238,239,240,241,242,243,244
41 1 90 1 135,197,237,238,239,240,241,242,243,244
42 0 71 0 36,38,81,101,102,104,170,245,246,247
43 0 164 0 151,208,229,230,231,232,233,234,235,236
43 1 42 0 151,208,229,230,231,232,233,234,235,236
44 0 39 1 120,177,179,220,240,248,249,250,251,252
44 1 5 1 120,177,179,220,240,248,249,250,251,252
45 0 39 0 221,253,254,255,256,257,258,259,260,261
46 0 170 1 262
46 1 105 1 262
47 0 144 0 36,54,55,56,57,58,59,60,61,62
48 0 52 0 20,24,26,63,106,186,216,263,264,265
48 1 89 0 20,24,26,63,106,186,216,263,264,265
49 0 73 1 20,53,57,63,64,67,69,134,156,216
49 1 98 1 20,53,57,63,64,67,69,134,156,216
50 0 139 0 20,36,38,53,57,63,64,67,69,216
51 0 137 1 20,36,38,63,82,84,85,104,191,216
51 1 149 1 20,36,38,63,82,84,85,104,191,216
52 0 34 0 135,197,237,238,239,240,241,242,243,244
53 0 60 0 20,36,38,53,57,62,63,64,67,69,70,77,100,103,104,196,216,220,249
53 1 11 0 20,36,38,53,57,62,63,64,67,69,70,77,100,103,104,196,216,220,249
54 0 91 1 20,53,63,64,69,151,177,216,250
54 1 137 1 20,53,63,64,69,151,177,216,250
55 0 72 0 77,155,177,193,194,195,196,197,198,199
56 0 104 1 85,127,183,200,201,202,203,204,205
56 1 68 1 85,127,183,200,201,202,203,204,205
57 0 98 0 36,54,55,56,57,58,59,60,61,62
58 0 77 0 0,2,3,5,63,216
58 1 46 0 0,2,3,5,63,216
59 0 124 1 20,53,63,115,116,155,207,208,216,220
59 1 5 1 20,53,63,115,116,155,207,208,216,220
60 0 165 0 20,53,63,64,135,216,235,238,239,242
61 0 90 1 53
61 1 36 1 53
62 0 147 0 89,90,91,92,93,94,95,96,97
63 0 31 0 36,54,55,56,57,58,59,60,61,62
63 1 30 0 36,54,55,56,57,58,59,60,61,62
64 0 65 1 10,11,12,13,14,15,16,17,18,19
64 1 90 1 10,11,12,13,14,15,16,17,18,19
65 0 164 0 135,142,143,144,145,146,147,148,149,150
66 0 161 1 20,21,40,53,63,183,186,188,190,216
66 1 60 1 20,21,40,53,63,183,186,188,190,216
67 0 55 0 0,1,2,3,4,5,6,7,8,9
68 0 162 0 20,53,63,64,69,216
68 1 97 0 20,53,63,64,69,216
69 0 33 1 20,36,38,53,57,63,64,67,69,216
69 1 94 1 20,36,38,53,57,63,64,67,69,216
70 0 137 0 20,36,38,63,82,84,85,104,191,216
71 0 151 1 36,38,81,100,103,104,105,106,107,108
71 1 98 1 36,38,81,100,103,104,105,106,107,108
72 0 144 0 36,54,55,56,57,58,59,60,61,62
73 0 84 0 20,53,57,63,64,67,69,206,207,216
73 1 166 0 20,53,57,63,64,67,69,206,207,216
74 0 42 1 30,31,32,33,34,35
74 1 165 1 30,31,32,33,34,35
75 0 115 0 20,36,38,53,57,63,64,67,69,216
76 0 136 1 20,37,48,63,64,65,66,67,68,69
76 1 121 1 20,37,48,63,64,65,66,67,68,69
77 0 45 0 20,53,63,64,69,115,155,208,216,250
78 0 161 0 20,21,40,53,63,183,186,188,190,216
78 1 29 0 20,21,40,53,63,183,186,188,190,216
79 0 21 1 20,53,57,63,64,67,69,216
79 1 41 1 20,53,57,63,64,67,69,216
80 0 77 0 20,36,38,53,57,63,64,67,69,216
81 0 109 1 0,1,2,5,167,168
81 1 65 1 0,1,2,5,167,168
82 0 121 0 20,36,63,84,191,216,218
83 0 101 0 20,53,63,64,69,71,73,77,216,249
83 1 30 0 20,53,63,64,69,71,73,77,216,249
84 0 15 1 2,20,27,36,52,53,63,64,169,216
84 1 126 1 2,20,27,36,52,53,63,64,169,216
85 0 27 0 20,53,63,64,69,117,120,216,220,248
86 0 175 1 20,53,63,64,67,69,193,216,250,251
86 1 174 1 20,53,63,64,67,69,193,216,250,251
87 0 36 0 20,53,57,63,64,67,69,135,177,216
88 0 134 0 132,133,134,135,136,137,138,139,140,141
88 1 59 0 132,133,134,135,136,137,138,139,140,141
89 0 84 1 90,135,177,178,179,180,181,182
89 1 109 1 90,135,177,178,179,180,181,182
90 0 109 0 137,158,159,160,161,162,163,164,165,166
91 0 149 1 20,53,63,216
91 1 163 1 20,53,63,216
92 0 131 0 20,53,63,64,216,253,254,255,258,259
93 0 115 0 20,36,53,57,63,64,67,69,82,216
93 1 99 0 20,36,53,57,63,64,67,69,82,216
94 0 45 1 20,53,63,64,69,115,155,208,216,250
94 1 101 1 20,53,63,64,69,115,155,208,216,250
95 0 137 0 24,36,63,81,85,106,171,216,218,245
96 0 176 1 20,53,63,64,69,135,151,216,238,244
96 1 144 1 20,53,63,64,69,135,151,216,238,244
97 0 7 0 36,54,55,56,57,58,59,60,61,62
98 0 157 0 38,85,88,102,104,106,169,170,171,172
98 1 73 0 38,85,88,102,104,106,169,170,171,172
99 0 153 1 20,36,38,53,57,63,64,67,69,216
99 1 160 1 20,36,38,53,57,63,64,67,69,216
100 0 100 0 89,135,151,216
101 0 22 1 20,53,57,63,64,67,69,135,216
101 1 148 1 20,53,57,63,64,67,69,135,216
102 0 51 0 20,53,63,115,116,155,207,208,216,220
103 0 62 0 36,38,81,98,99,100,101,102,104,106,170,246,247
103 1 134 0 36,38,81,98,99,100,101,102,104,106,170,246,247
104 0 170 1 262
104 1 53 1 262
105 0 66 0 20,53,63,135,216,221,237,240,241,242
106 0 162 1 20,53,63,64,69,216
106 1 175 1 20,53,63,64,69,216
107 0 12 0 20,53,63,64,67,69,77,153,154,216
108 0 77 0 0,2,3,5,63,216
108 1 6 0 0,2,3,5,63,216
109 0 109 1 0,1,2,5,167,168
109 1 60 1 0,1,2,5,167,168
110 0 98 0 36,54,55,56,57,58,59,60,61,62
111 0 23 1 20,53,63,64,90,135,151,155,194,216
111 1 129 1 20,53,63,64,90,135,151,155,194,216
112 0 50 0 90,151,153,208,220,221
113 0 89 0 20,36,38,53,57,63,64,67,69,216
113 1 147 0 20,36,38,53,57,63,64,67,69,216
114 0 81 1 20,27,36,53,57,63,64,67,69,216
114 1 78 1 20,27,36,53,57,63,64,67,69,216
115 0 123 0 20,53,63,64,69,134,216,259
116 0 152 1 216
116 1 60 1 216
117 0 180 0 20,53,63,64,115,153,196,197,216,250
118 0 175 0 20,53,63,64,67,69,193,216,250,251
118 1 174 0 20,53,63,64,67,69,193,216,250,251
119 0 68 1 24,36,63,82,83,98,103,105,107,216
119 1 89 1 24,36,63,82,83,98,103,105,107,216
120 0 151 0 36,38,81,100,103,104,105,106,107,108
121 0 53 1 38,81,85,86,87,103,104,106,107,171
121 1 96 1 38,81,85,86,87,103,104,106,107,171
122 0 161 0 20,21,40,53,63,183,186,188,190,216
123 0 55 0 0,1,2,3,4,5,6,7,8,9
123 1 120 0 0,1,2,3,4,5,6,7,8,9
124 0 14 1 36,80,81,82,83,84,85,86,87,88
124 1 4 1 36,80,81,82,83,84,85,86,87,88
125 0 39 0 120,177,179,220,240,248,249,250,251,252
126 0 34 1 18,20,53,63,64,216,253,254,259,260
126 1 33 1 18,20,53,63,64,216,253,254,259,260
127 0 157 0 38,85,88,102,104,106,169,170,171,172
128 0 78 0 20,22,29,36,53,63,64,85,113,216
128 1 78 0 20,22,29,36,53,63,64,85,113,216
129 0 176 1 20,53,63,64,90,135,151,155,194,216
129 1 44 1 20,53,63,64,90,135,151,155,194,216
130 0 131 0 20,53,63,64,216,253,254,255,258,259
