80 6 7 720

0 0 55 1 0,1,2,3,4,5,6,7,8,9
0 1 35 1 0,1,2,3,4,5,6,7,8,9
1 0 65 0 10,11,12,13,14,15,16,17,18,19
1 1 121 0 10,11,12,13,14,15,16,17,18,19
2 0 172 1 20,21,22,23,24,25,26,27,28,29
3 0 42 0 12,13,15,17,19,30
3 1 105 0 12,13,15,17,19,30
4 0 44 1 1,2,12,13,15,17,19,20,27,29
4 1 170 1 1,2,12,13,15,17,19,20,27,29
5 0 66 0 1,12,13,15,17,19,20,27,28,29
6 0 90 1 12
6 1 80 1 12
7 0 31 0 1,2,12,13,15,17,19,20,27,29
8 0 136 0 1,2,12,13,15,17,19,20,27,29
8 1 115 0 1,2,12,13,15,17,19,20,27,29
9 0 63 1 1,2,12,13,15,17,19,20,27,29
9 1 150 1 1,2,12,13,15,17,19,20,27,29
10 0 96 0 1,2,12,13,15,17,19,20,27,29
11 0 14 1 1,2,12,13,15,17,19,20,27,29
11 1 89 1 1,2,12,13,15,17,19,20,27,29
12 0 147 0 1,12,13,15,17,19,20,27,29
13 0 180 0 1,2,3,4,12,13,15,17,19,20,21,27,29
13 1 80 0 1,2,3,4,12,13,15,17,19,20,21,27,29
14 0 151 1 1,2,12,13,15,17,19,20,27,29
14 1 118 1 1,2,12,13,15,17,19,20,27,29
