80 6 7 720

0 0 55 1 0,1,2,3,4,5,6,7,8,9
0 1 114 1 0,1,2,3,4,5,6,7,8,9
1 0 65 0 10,11,12,13,14,15,16,17,18,19
1 1 157 0 10,11,12,13,14,15,16,17,18,19
2 0 172 1 20,21,22,23,24,25,26,27,28,29
3 0 42 0 30,31,32,33,34,35
3 1 101 0 30,31,32,33,34,35
4 0 44 1 1,12,13,15,17,19,20,27,29,31
4 1 96 1 1,12,13,15,17,19,20,27,29,31
5 0 66 0 1,12,13,15,17,19,20,27,28,29
6 0 90 1 12
6 1 45 1 12
7 0 31 0 1,12,13,15,17,19,20,27,29,31
8 0 136 0 1,12,13,15,17,19,20,27,29,31
8 1 105 0 1,12,13,15,17,19,20,27,29,31
9 0 63 1 1,12,13,15,17,19,20,27,29,31
9 1 18 1 1,12,13,15,17,19,20,27,29,31
10 0 96 0 1,12,13,15,17,19,20,27,29,31
11 0 14 1 1,12,13,15,17,19,20,27,29,31
11 1 34 1 1,12,13,15,17,19,20,27,29,31
12 0 147 0 1,12,13,15,17,19,20,27,29
13 0 180 0 1,2,3,4,12,13,15,17,19,20,27,29,31
13 1 161 0 1,2,3,4,12,13,15,17,19,20,27,29,31
14 0 151 1 1,12,13,15,17,19,20,27,29,31
14 1 134 1 1,12,13,15,17,19,20,27,29,31
15 0 131 0 1,12,13,15,17,19,20,27,29,31
16 0 97 1 1,12,13,15,17,19,20,27,29,31
16 1 53 1 1,12,13,15,17,19,20,27,29,31
17 0 83 0 0,1,12,13,15,17,19,20,27,33
