80 6 7 720

0 0 55 1 0,1,2,3,4,5,6,7,8,9
0 1 84 1 0,1,2,3,4,5,6,7,8,9
1 0 65 0 10,11,12,13,14,15,16,17,18,19
1 1 124 0 10,11,12,13,14,15,16,17,18,19
2 0 172 1 20,21,22,23,24,25,26,27,28,29
3 0 42 0 30,31,32,33,34,35
3 1 157 0 30,31,32,33,34,35
4 0 44 1 36,37,38,39,40,41,42,43,44,45
4 1 129 1 36,37,38,39,40,41,42,43,44,45
5 0 66 0 20,28,45,46,47,48,49,50,51,52
6 0 90 1 53
6 1 94 1 53
7 0 31 0 36,54,55,56,57,58,59,60,61,62
8 0 136 0 20,37,48,63,64,65,66,67,68,69
8 1 160 0 20,37,48,63,64,65,66,67,68,69
9 0 63 1 70,71,72,73,74,75,76,77,78,79
9 1 119 1 70,71,72,73,74,75,76,77,78,79
10 0 96 0 36,54,55,56,57,58,59,60,61,62
11 0 14 1 36,80,81,82,83,84,85,86,87,88
11 1 158 1 36,80,81,82,83,84,85,86,87,88
12 0 147 0 89,90,91,92,93,94,95,96,97
13 0 180 0 36,38,80,81,82,84,98,99,100,101
13 1 77 0 36,38,80,81,82,84,98,99,100,101
14 0 151 1 36,38,81,100,102,103,104,105,106,107
14 1 22 1 36,38,81,100,102,103,104,105,106,107
15 0 131 0 54,66,85,108,109,110,111,112,113,114
16 0 97 1 115,116,117,118,119,120,121,122,123,124
16 1 80 1 115,116,117,118,119,120,121,122,123,124
17 0 83 0 0,1,33,125,126,127,128,129,130,131
18 0 134 0 132,133,134,135,136,137,138,139,140,141
18 1 14 0 132,133,134,135,136,137,138,139,140,141
19 0 164 1 135,142,143,144,145,146,147,148,149,150
19 1 125 1 135,142,143,144,145,146,147,148,149,150
20 0 73 0 90,120,135,151,152,153,154,155,156,157
21 0 109 1 137,158,159,160,161,162,163,164,165,166
21 1 24 1 137,158,159,160,161,162,163,164,165,166
22 0 109 0 0,1,2,5,167,168
23 0 157 0 38,85,88,103,105,113,169,170,171,172
23 1 134 0 38,85,88,103,105,113,169,170,171,172
24 0 12 1 173,174,175,176
24 1 175 1 173,174,175,176
25 0 84 0 90,135,177,178,179,180,181,182
26 0 41 1 183,184,185,186,187,188,189,190,191,192
26 1 172 1 183,184,185,186,187,188,189,190,191,192
27 0 105 0 36,54,55,56,57,58,59,60,61,62
28 0 144 0 36,54,55,56,57,58,59,60,61,62
28 1 159 0 36,54,55,56,57,58,59,60,61,62
29 0 44 1 115,116,117,118,119,120,121,122,123,124
29 1 138 1 115,116,117,118,119,120,121,122,123,124
30 0 131 0 54,66,85,108,109,110,111,112,113,114
31 0 72 1 77,155,177,193,194,195,196,197,198,199
31 1 172 1 77,155,177,193,194,195,196,197,198,199
32 0 104 0 85,127,183,200,201,202,203,204,205
33 0 143 0 135,154,182,199,206,207,208,209,210
33 1 49 0 135,154,182,199,206,207,208,209,210
34 0 49 1 36,38,44,85,211,212,213
34 1 173 1 36,38,44,85,211,212,213
35 0 4 0 90,135,157,208,209,210,214,215,216,217
36 0 99 1 36,38,80,81,98,99,100,102,218,219
36 1 20 1 36,38,80,81,98,99,100,102,218,219
37 0 50 0 90,151,153,208,220,221
38 0 76 0 77,115,197,222,223,224,225,226,227,228
38 1 111 0 77,115,197,222,223,224,225,226,227,228
39 0 151 1 36,38,81,100,102,103,104,105,106,107
39 1 29 1 36,38,81,100,102,103,104,105,106,107
40 0 164 0 151,208,229,230,231,232,233,234,235,236
41 0 34 1 135,197,237,238,239,240,241,242,243,244
41 1 131 1 135,197,237,238,239,240,241,242,243,244
42 0 71 0 36,38,81,101,103,113,170,245,246,247
43 0 164 0 151,208,229,230,231,232,233,234,235,236
43 1 60 0 151,208,229,230,231,232,233,234,235,236
44 0 39 1 120,177,179,220,240,248,249,250,251,252
44 1 39 1 120,177,179,220,240,248,249,250,251,252
45 0 39 0 221,253,254,255,256,257,258,259,260,261
46 0 170 1 262
46 1 18 1 262
47 0 144 0 36,54,55,56,57,58,59,60,61,62
48 0 52 0 24,26,105,186,263,264,265,266,267,268
48 1 41 0 24,26,105,186,263,264,265,266,267,268
49 0 73 1 134,156,269,270,271,272,273,274,275,276
49 1 151 1 134,156,269,270,271,272,273,274,275,276
50 0 139 0 216,277,278,279,280,281,282,283,284,285
51 0 137 1 36,38,82,84,85,103,191,286,287,288
51 1 88 1 36,38,82,84,85,103,191,286,287,288
52 0 34 0 135,197,237,238,239,240,241,242,243,244
53 0 60 0 70,220,289,290,291,292,293,294,295,296
53 1 98 0 70,220,289,290,291,292,293,294,295,296
54 0 91 1 151,177,250,297,298,299,300,301,302
54 1 166 1 151,177,250,297,298,299,300,301,302
55 0 72 0 77,155,177,193,194,195,196,197,198,199
56 0 104 1 85,127,183,200,201,202,203,204,205
56 1 165 1 85,127,183,200,201,202,203,204,205
57 0 98 0 36,54,55,56,57,58,59,60,61,62
58 0 77 0 0,2,3,5,303,304
58 1 48 0 0,2,3,5,303,304
59 0 124 1 115,116,155,207,208,220,283,305,306,307
59 1 93 1 115,116,155,207,208,220,283,305,306,307
60 0 165 0 135,235,238,239,242,308,309,310,311,312
61 0 90 1 53
61 1 47 1 53
62 0 147 0 89,90,91,92,93,94,95,96,97
63 0 31 0 36,54,55,56,57,58,59,60,61,62
63 1 69 0 36,54,55,56,57,58,59,60,61,62
64 0 65 1 10,11,12,13,14,15,16,17,18,19
64 1 34 1 10,11,12,13,14,15,16,17,18,19
65 0 164 0 135,142,143,144,145,146,147,148,149,150
66 0 161 1 21,40,183,186,188,190,313,314,315,316
66 1 109 1 21,40,183,186,188,190,313,314,315,316
67 0 55 0 0,1,2,3,4,5,6,7,8,9
68 0 162 0 317,318,319,320,321,322
68 1 179 0 317,318,319,320,321,322
69 0 33 1 323,324,325,326,327,328,329,330,331,332
69 1 41 1 323,324,325,326,327,328,329,330,331,332
70 0 137 0 36,38,82,84,85,103,191,286,287,288
71 0 151 1 36,38,81,100,102,103,104,105,106,107
71 1 157 1 36,38,81,100,102,103,104,105,106,107
72 0 144 0 36,54,55,56,57,58,59,60,61,62
73 0 84 0 206,207,216,289,307,333,334,335,336,337
73 1 83 0 206,207,216,289,307,333,334,335,336,337
74 0 42 1 30,31,32,33,34,35
74 1 123 1 30,31,32,33,34,35
75 0 115 0 338,339,340,341,342,343,344,345,346,347
76 0 136 1 20,37,48,63,64,65,66,67,68,69
76 1 113 1 20,37,48,63,64,65,66,67,68,69
77 0 45 0 115,155,208,250,283,307,348,349,350,351
78 0 161 0 21,40,183,186,188,190,313,314,315,316
78 1 150 0 21,40,183,186,188,190,313,314,315,316
79 0 21 1 352,353,354,355,356,357,358,359
79 1 97 1 352,353,354,355,356,357,358,359
80 0 77 0 360,361,362,363,364,365,366,367,368,369
81 0 109 1 0,1,2,5,167,168
81 1 56 1 0,1,2,5,167,168
82 0 121 0 36,84,191,218,370,371,372
83 0 101 0 71,73,77,249,293,373,374,375,376,377
83 1 88 0 71,73,77,249,293,373,374,375,376,377
84 0 15 1 2,27,36,52,169,378,379,380,381,382
84 1 47 1 2,27,36,52,169,378,379,380,381,382
85 0 27 0 117,120,220,248,383,384,385,386,387,388
86 0 175 1 193,216,250,251,375,376,389,390,391,392
86 1 109 1 193,216,250,251,375,376,389,390,391,392
87 0 36 0 135,177,393,394,395,396,397,398,399,400
88 0 134 0 132,133,134,135,136,137,138,139,140,141
88 1 169 0 132,133,134,135,136,137,138,139,140,141
89 0 84 1 90,135,177,178,179,180,181,182
89 1 153 1 90,135,177,178,179,180,181,182
90 0 109 0 137,158,159,160,161,162,163,164,165,166
91 0 149 1 268,401,402,403
91 1 121 1 268,401,402,403
92 0 131 0 253,254,255,258,259,404,405,406,407,408
93 0 115 0 82,378,409,410,411,412,413,414,415,416
93 1 4 0 82,378,409,410,411,412,413,414,415,416
94 0 45 1 115,155,208,250,283,307,348,349,350,351
94 1 59 1 115,155,208,250,283,307,348,349,350,351
95 0 137 0 24,36,81,85,105,171,218,245,417,418
96 0 176 1 135,151,238,244,419,420,421,422,423,424
96 1 147 1 135,151,238,244,419,420,421,422,423,424
97 0 7 0 36,54,55,56,57,58,59,60,61,62
98 0 157 0 38,85,88,103,105,113,169,170,171,172
98 1 52 0 38,85,88,103,105,113,169,170,171,172
99 0 153 1 216,277,278,279,425,426,427,428,429,430
99 1 150 1 216,277,278,279,425,426,427,428,429,430
100 0 100 0 89,135,151,277
101 0 22 1 53,135,216,277,278,279,280,281,419
101 1 48 1 53,135,216,277,278,279,280,281,419
102 0 51 0 115,116,155,207,208,220,283,305,306,307
103 0 62 0 36,38,81,98,99,100,101,103,105,246
103 1 99 0 36,38,81,98,99,100,101,103,105,246
104 0 170 1 262
104 1 11 1 262
105 0 66 0 135,216,221,237,240,241,242,277,278,279
106 0 162 1 317,318,319,320,321,322
106 1 151 1 317,318,319,320,321,322
107 0 12 0 77,153,154,216,277,278,279,301,375,376
108 0 77 0 0,2,3,5,303,304
108 1 180 0 0,2,3,5,303,304
109 0 109 1 0,1,2,5,167,168
109 1 50 1 0,1,2,5,167,168
110 0 98 0 36,54,55,56,57,58,59,60,61,62
111 0 23 1 90,135,151,155,194,216,277,278,279,280
111 1 76 1 90,135,151,155,194,216,277,278,279,280
112 0 50 0 90,151,153,208,220,221
113 0 89 0 53,216,277,278,279,280,281,282,284,330
113 1 113 0 53,216,277,278,279,280,281,282,284,330
114 0 81 1 27,36,53,216,277,278,279,280,281,371
114 1 132 1 27,36,53,216,277,278,279,280,281,371
115 0 123 0 53,134,216,259,277,278,279,280
116 0 152 1 277
116 1 89 1 277
117 0 180 0 115,153,196,197,216,250,277,278,279,334
118 0 175 0 193,216,250,251,375,376,389,390,391,392
118 1 110 0 193,216,250,251,375,376,389,390,391,392
119 0 68 1 24,36,82,83,98,102,104,106,370,371
119 1 66 1 24,36,82,83,98,102,104,106,370,371
120 0 151 0 36,38,81,100,102,103,104,105,106,107
121 0 53 1 38,81,85,86,87,102,103,105,106,171
121 1 134 1 38,81,85,86,87,102,103,105,106,171
122 0 161 0 21,40,183,186,188,190,313,314,315,316
123 0 55 0 0,1,2,3,4,5,6,7,8,9
123 1 137 0 0,1,2,3,4,5,6,7,8,9
124 0 14 1 36,80,81,82,83,84,85,86,87,88
124 1 66 1 36,80,81,82,83,84,85,86,87,88
125 0 39 0 120,177,179,220,240,248,249,250,251,252
126 0 34 1 18,216,253,254,259,260,277,278,404,406
126 1 137 1 18,216,253,254,259,260,277,278,404,406
127 0 157 0 38,85,88,103,105,113,169,170,171,172
128 0 78 0 22,29,36,85,112,216,267,277,278,279
128 1 34 0 22,29,36,85,112,216,267,277,278,279
129 0 176 1 90,135,151,155,194,216,277,278,279,280
129 1 11 1 90,135,151,155,194,216,277,278,279,280
130 0 131 0 253,254,255,258,259,404,405,406,407,408
131 0 124 1 115,116,155,207,208,220,283,305,306,307
131 1 12 1 115,116,155,207,208,220,283,305,306,307
132 0 77 0 36,54,55,56,57,58,59,60,61,62
133 0 170 0 262
133 1 109 0 262
134 0 94 1 48,53,216,277,278,279,280,281,282,284
134 1 12 1 48,53,216,277,278,279,280,281,282,284
135 0 36 0 135,177,393,394,395,396,397,398,399,400
136 0 104 1 85,127,183,200,201,202,203,204,205
136 1 121 1 85,127,183,200,201,202,203,204,205
137 0 180 0 36,38,80,81,82,84,98,99,100,101
138 0 136 0 90,135,151,153,177,179,181,194,277,294
138 1 94 0 90,135,151,153,177,179,181,194,277,294
139 0 180 1 36,38,80,81,82,84,98,99,100,101
139 1 12 1 36,38,80,81,82,84,98,99,100,101
140 0 27 0 117,120,220,248,383,384,385,386,387,388
141 0 83 1 0,1,33,125,126,127,128,129,130,131
141 1 36 1 0,1,33,125,126,127,128,129,130,131
142 0 121 0 216,277,278
143 0 65 0 10,11,12,13,14,15,16,17,18,19
143 1 8 0 10,11,12,13,14,15,16,17,18,19
144 0 60 1 53,135,216,237,243,277,278,279,280,420
144 1 34 1 53,135,216,237,243,277,278,279,280,420
145 0 174 0 18,53,135,148,165,216,277,278,279,280,281,282,283,284,285,328
146 0 55 1 0,1,2,3,4,5,6,7,8,9
146 1 129 1 0,1,2,3,4,5,6,7,8,9
147 0 96 0 151,155
148 0 39 0 120,177,179,220,240,248,249,250,251,252
148 1 21 0 120,177,179,220,240,248,249,250,251,252
149 0 34 1 135,197,237,238,239,240,241,242,243,244
149 1 160 1 135,197,237,238,239,240,241,242,243,244
150 0 152 0 277
151 0 52 1 24,26,105,186,263,264,265,266,267,268
151 1 97 1 24,26,105,186,263,264,265,266,267,268
152 0 81 0 53,134,158,216,277,278,279,280,281,332
153 0 134 0 132,133,134,135,136,137,138,139,140,141
153 1 39 0 132,133,134,135,136,137,138,139,140,141
154 0 114 1 53,72,117,123,216,277,278,279,280,281
154 1 144 1 53,72,117,123,216,277,278,279,280,281
155 0 131 0 53,135,216,277,278,279,280,281,282,284
156 0 172 1 20,21,22,23,24,25,26,27,28,29
156 1 10 1 20,21,22,23,24,25,26,27,28,29
157 0 114 0 53,72,117,123,216,277,278,279,280,281
158 0 94 0 48,53,216,277,278,279,280,281,282,284
158 1 18 0 48,53,216,277,278,279,280,281,282,284
159 0 99 1 36,38,80,81,98,99,100,102,218,219
159 1 97 1 36,38,80,81,98,99,100,102,218,219
160 0 51 0 115,116,155,207,208,220,283,305,306,307
161 0 84 1 206,207,216,289,307,333,334,335,336,337
161 1 98 1 206,207,216,289,307,333,334,335,336,337
162 0 39 0 221,253,254,255,256,257,258,259,260,261
163 0 66 0 20,28,45,46,47,48,49,50,51,52
163 1 84 0 20,28,45,46,47,48,49,50,51,52
164 0 45 1 115,155,208,250,283,307,348,349,350,351
164 1 176 1 115,155,208,250,283,307,348,349,350,351
165 0 175 0 193,216,250,251,375,376,389,390,391,392
166 0 172 1 53,216,277,278,279,280,281,282,283,284
166 1 86 1 53,216,277,278,279,280,281,282,283,284
167 0 51 0 115,116,155,207,208,220,283,305,306,307
168 0 33 0 323,324,325,326,327,328,329,330,331,332
168 1 30 0 323,324,325,326,327,328,329,330,331,332
169 0 139 1 53,169,216,277,278,279,280
169 1 28 1 53,169,216,277,278,279,280
170 0 78 0 22,29,36,85,112,216,267,277,278,279
171 0 176 1 90,135,151,155,194,216,277,278,279,280
171 1 88 1 90,135,151,155,194,216,277,278,279,280
172 0 77 0 36,54,55,56,57,58,59,60,61,62
173 0 14 0 36,80,81,82,83,84,85,86,87,88
173 1 4 0 36,80,81,82,83,84,85,86,87,88
174 0 148 1 216,277,278
174 1 128 1 216,277,278
175 0 137 0 36,38,82,84,85,103,191,286,287,288
176 0 97 1 115,116,117,118,119,120,121,122,123,124
176 1 41 1 115,116,117,118,119,120,121,122,123,124
177 0 164 0 151,208,229,230,231,232,233,234,235,236
178 0 73 0 90,120,135,151,152,153,154,155,156,157
178 1 73 0 90,120,135,151,152,153,154,155,156,157
179 0 148 1 0,53,216,277,278,279,280,281,282,284
179 1 73 1 0,53,216,277,278,279,280,281,282,284
180 0 34 0 18,216,253,254,259,260,277,278,404,406
181 0 100 1 89,135,151,277
181 1 33 1 89,135,151,277
182 0 94 0 48,53,216,277,278,279,280,281,282,284
183 0 131 0 53,135,216,277,278,279,280,281,282,284
183 1 164 0 53,135,216,277,278,279,280,281,282,284
184 0 176 1 135,151,238,244,419,420,421,422,423,424
184 1 147 1 135,151,238,244,419,420,421,422,423,424
185 0 148 0 216,277,278
186 0 144 1 36,54,55,56,57,58,59,60,61,62
186 1 103 1 36,54,55,56,57,58,59,60,61,62
187 0 51 0 115,116,155,207,208,220,283,305,306,307
188 0 21 0 21,188,277
188 1 136 0 21,188,277
189 0 21 1 352,353,354,355,356,357,358,359
189 1 117 1 352,353,354,355,356,357,358,359
190 0 96 0 151,155
191 0 143 1 36,81,87,98,100,101,171,245,246,247
191 1 39 1 36,81,87,98,100,101,171,245,246,247
192 0 44 0 53,115,155,209,216,277,278,279,280,301
193 0 77 0 90,135,151,216,250,277,278,279,289,389
193 1 32 0 90,135,151,216,250,277,278,279,289,389
194 0 60 1 70,220,289,290,291,292,293,294,295,296
194 1 20 1 70,220,289,290,291,292,293,294,295,296
195 0 4 0 90,135,157,208,209,210,214,215,216,217
196 0 137 1 36,38,82,84,85,103,191,286,287,288
196 1 163 1 36,38,82,84,85,103,191,286,287,288
197 0 60 0 53,135,216,237,243,277,278,279,280,420
198 0 131 0 53,135,216,277,278,279,280,281,282,284
198 1 22 0 53,135,216,277,278,279,280,281,282,284
199 0 39 1 221,253,254,255,256,257,258,259,260,261
199 1 103 1 221,253,254,255,256,257,258,259,260,261
200 0 155 0 0,2,3,4,33,88,125,131,201,277
201 0 164 1 135,142,143,144,145,146,147,148,149,150
201 1 115 1 135,142,143,144,145,146,147,148,149,150
202 0 164 0 151,208,229,230,231,232,233,234,235,236
203 0 131 0 54,66,85,108,109,110,111,112,113,114
203 1 164 0 54,66,85,108,109,110,111,112,113,114
204 0 109 1 0,1,2,5,167,168
204 1 159 1 0,1,2,5,167,168
205 0 168 0 53,216,277,278,279,280,281
206 0 148 1 0,53,216,277,278,279,280,281,282,284
206 1 36 1 0,53,216,277,278,279,280,281,282,284
207 0 168 0 53,216,277,278,279,280,281
208 0 44 0 115,116,117,118,119,120,121,122,123,124
208 1 39 0 115,116,117,118,119,120,121,122,123,124
209 0 36 1 277
209 1 75 1 277
210 0 175 0 193,216,250,251,375,376,389,390,391,392
211 0 77 1 36,54,55,56,57,58,59,60,61,62
211 1 69 1 36,54,55,56,57,58,59,60,61,62
