80 6 7 720

0 0 55 1 0,1,2,3,4,5,6,7,8,9
0 1 158 1 0,1,2,3,4,5,6,7,8,9
1 0 65 0 10,11,12,13,14,15,16,17,18,19
1 1 80 0 10,11,12,13,14,15,16,17,18,19
2 0 172 1 20,21,22,23,24,25,26,27,28,29
3 0 42 0 30,31,32,33,34,35
3 1 98 0 30,31,32,33,34,35
4 0 44 1 36,37,38,39,40,41,42,43,44,45
4 1 37 1 36,37,38,39,40,41,42,43,44,45
5 0 66 0 20,28,45,46,47,48,49,50,51,52
6 0 90 1 53
6 1 76 1 53
7 0 31 0 36,54,55,56,57,58,59,60,61,62
8 0 136 0 1,12,13,15,17,19,20,27,37,48
8 1 68 0 1,12,13,15,17,19,20,27,37,48
9 0 63 1 1,12,13,15,17,19,20,27,29,50
9 1 163 1 1,12,13,15,17,19,20,27,29,50
10 0 96 0 36,54,55,56,57,58,59,60,61,62
11 0 14 1 1,12,13,15,17,19,20,27,29,36
11 1 16 1 1,12,13,15,17,19,20,27,29,36
12 0 147 0 1,12,13,15,17,19,20,27,29
13 0 180 0 1,12,13,15,17,19,20,27,29,36,38,50,53
13 1 94 0 1,12,13,15,17,19,20,27,29,36,38,50,53
14 0 151 1 1,12,13,15,17,19,20,27,36,38
14 1 173 1 1,12,13,15,17,19,20,27,36,38
15 0 131 0 1,12,13,15,17,19,20,27,29,54
16 0 97 1 1,12,13,15,17,19,20,27,29,50
16 1 34 1 1,12,13,15,17,19,20,27,29,50
17 0 83 0 0,1,12,13,15,17,19,20,27,33
18 0 134 0 1,12,13,15,17,19,20,27,29,50
18 1 121 0 1,12,13,15,17,19,20,27,29,50
19 0 164 1 1,12,13,15,17,19,20,27,29,50
19 1 137 1 1,12,13,15,17,19,20,27,29,50
20 0 73 0 1,12,13,15,17,19,20,27,29,50
21 0 109 1 1,12,13,15,17,19,20,27,29,50
21 1 88 1 1,12,13,15,17,19,20,27,29,50
22 0 109 0 0,1,2,5,12,13
23 0 157 0 1,12,13,15,17,19,20,27,29,38
23 1 118 0 1,12,13,15,17,19,20,27,29,38
24 0 12 1 12,13,15,17
24 1 120 1 12,13,15,17
25 0 84 0 1,12,13,15,17,19,20,27
26 0 41 1 1,12,13,15,17,19,20,27,29,50
26 1 59 1 1,12,13,15,17,19,20,27,29,50
27 0 105 0 36,54,55,56,57,58,59,60,61,62
28 0 144 0 36,54,55,56,57,58,59,60,61,62
28 1 31 0 36,54,55,56,57,58,59,60,61,62
29 0 44 1 1,12,13,15,17,19,20,27,29,50
29 1 111 1 1,12,13,15,17,19,20,27,29,50
30 0 131 0 1,12,13,15,17,19,20,27,29,54
