80 6 7 720

0 0 55 1 0,1,2,3,4,5,6,7,8,9
0 1 50 1 0,1,2,3,4,5,6,7,8,9
1 0 65 0 10,11,12,13,14,15,16,17,18,19
1 1 4 0 10,11,12,13,14,15,16,17,18,19
2 0 172 1 20,21,22,23,24,25,26,27,28,29
3 0 42 0 30,31,32,33,34,35
3 1 84 0 30,31,32,33,34,35
4 0 44 1 36,37,38,39,40,41,42,43,44,45
4 1 52 1 36,37,38,39,40,41,42,43,44,45
5 0 66 0 20,28,45,46,47,48,49,50,51,52
6 0 90 1 53
6 1 72 1 53
7 0 31 0 36,54,55,56,57,58,59,60,61,62
8 0 136 0 20,37,48,63,64,65,66,67,68,69
8 1 172 0 20,37,48,63,64,65,66,67,68,69
9 0 63 1 70,71,72,73,74,75,76,77,78,79
9 1 126 1 70,71,72,73,74,75,76,77,78,79
10 0 96 0 36,54,55,56,57,58,59,60,61,62
11 0 14 1 36,80,81,82,83,84,85,86,87,88
11 1 143 1 36,80,81,82,83,84,85,86,87,88
12 0 147 0 89,90,91,92,93,94,95,96,97
13 0 180 0 36,38,80,81,82,84,98,99,100,101
13 1 178 0 36,38,80,81,82,84,98,99,100,101
14 0 151 1 36,38,81,100,102,103,104,105,106,107
14 1 137 1 36,38,81,100,102,103,104,105,106,107
15 0 131 0 54,66,85,108,109,110,111,112,113,114
16 0 97 1 115,116,117,118,119,120,121,122,123,124
16 1 95 1 115,116,117,118,119,120,121,122,123,124
17 0 83 0 0,1,33,125,126,127,128,129,130,131
18 0 134 0 132,133,134,135,136,137,138,139,140,141
18 1 144 0 132,133,134,135,136,137,138,139,140,141
19 0 164 1 135,142,143,144,145,146,147,148,149,150
19 1 148 1 135,142,143,144,145,146,147,148,149,150
20 0 73 0 90,120,135,151,152,153,154,155,156,157
21 0 109 1 137,158,159,160,161,162,163,164,165,166
21 1 126 1 137,158,159,160,161,162,163,164,165,166
22 0 109 0 0,1,2,5,167,168
23 0 157 0 38,85,88,103,105,113,169,170,171,172
23 1 94 0 38,85,88,103,105,113,169,170,171,172
24 0 12 1 173,174,175,176
24 1 103 1 173,174,175,176
25 0 84 0 90,135,177,178,179,180,181,182
26 0 41 1 183,184,185,186,187,188,189,190,191,192
26 1 88 1 183,184,185,186,187,188,189,190,191,192
27 0 105 0 36,54,55,56,57,58,59,60,61,62
28 0 144 0 36,54,55,56,57,58,59,60,61,62
28 1 27 0 36,54,55,56,57,58,59,60,61,62
29 0 44 1 115,116,117,118,119,120,121,122,123,124
29 1 21 1 115,116,117,118,119,120,121,122,123,124
30 0 131 0 54,66,85,108,109,110,111,112,113,114
31 0 72 1 77,155,177,193,194,195,196,197,198,199
31 1 168 1 77,155,177,193,194,195,196,197,198,199
32 0 104 0 85,127,183,200,201,202,203,204,205
33 0 143 0 135,154,182,199,206,207,208,209,210
33 1 174 0 135,154,182,199,206,207,208,209,210
34 0 49 1 36,38,44,85,211,212,213
34 1 147 1 36,38,44,85,211,212,213
35 0 4 0 90,135,157,208,209,210,214,215,216,217
36 0 99 1 36,38,80,81,98,99,100,102,218,219
36 1 4 1 36,38,80,81,98,99,100,102,218,219
37 0 50 0 90,151,153,208,220,221
38 0 76 0 77,115,197,222,223,224,225,226,227,228
38 1 74 0 77,115,197,222,223,224,225,226,227,228
39 0 151 1 36,38,81,100,102,103,104,105,106,107
39 1 173 1 36,38,81,100,102,103,104,105,106,107
40 0 164 0 151,208,229,230,231,232,233,234,235,236
41 0 34 1 135,197,237,238,239,240,241,242,243,244
41 1 33 1 135,197,237,238,239,240,241,242,243,244
42 0 71 0 36,38,81,101,103,113,170,245,246,247
43 0 164 0 151,208,229,230,231,232,233,234,235,236
43 1 46 0 151,208,229,230,231,232,233,234,235,236
44 0 39 1 120,177,179,220,240,248,249,250,251,252
44 1 164 1 120,177,179,220,240,248,249,250,251,252
45 0 39 0 221,253,254,255,256,257,258,259,260,261
46 0 170 1 262
46 1 60 1 262
47 0 144 0 36,54,55,56,57,58,59,60,61,62
48 0 52 0 24,26,105,186,263,264,265,266,267,268
48 1 122 0 24,26,105,186,263,264,265,266,267,268
49 0 73 1 134,156,269,270,271,272,273,274,275,276
49 1 164 1 134,156,269,270,271,272,273,274,275,276
50 0 139 0 216,277,278,279,280,281,282,283,284,285
51 0 137 1 36,38,82,84,85,103,191,286,287,288
51 1 4 1 36,38,82,84,85,103,191,286,287,288
52 0 34 0 135,197,237,238,239,240,241,242,243,244
53 0 60 0 70,77,79,120,196,208,220,249,289,290,291,292,293,294,295,296,297,298,299,300,301,302,303,304,305,306,307
53 1 149 0 70,77,79,120,196,208,220,249,289,290,291,292,293,294,295,296,297,298,299,300,301,302,303,304,305,306,307
54 0 91 1 151,177,250,308,309,310,311,312,313
54 1 12 1 151,177,250,308,309,310,311,312,313
55 0 72 0 77,155,177,193,194,195,196,197,198,199
56 0 104 1 85,127,183,200,201,202,203,204,205
56 1 29 1 85,127,183,200,201,202,203,204,205
57 0 98 0 36,54,55,56,57,58,59,60,61,62
58 0 77 0 0,2,3,5,314,315
58 1 155 0 0,2,3,5,314,315
59 0 124 1 115,116,155,207,208,220,283,305,316,317
59 1 172 1 115,116,155,207,208,220,283,305,316,317
60 0 165 0 135,235,238,239,242,318,319,320,321,322,323,324,325,326
61 0 90 1 53
61 1 51 1 53
62 0 147 0 89,90,91,92,93,94,95,96,97
63 0 31 0 36,54,55,56,57,58,59,60,61,62
63 1 81 0 36,54,55,56,57,58,59,60,61,62
64 0 65 1 10,11,12,13,14,15,16,17,18,19
64 1 169 1 10,11,12,13,14,15,16,17,18,19
65 0 164 0 135,142,143,144,145,146,147,148,149,150
66 0 161 1 21,40,183,186,188,190,327,328,329,330
66 1 66 1 21,40,183,186,188,190,327,328,329,330
67 0 55 0 0,1,2,3,4,5,6,7,8,9
68 0 162 0 331,332,333,334,335,336
68 1 128 0 331,332,333,334,335,336
69 0 33 1 337,338,339,340,341,342,343,344,345,346
69 1 179 1 337,338,339,340,341,342,343,344,345,346
70 0 137 0 36,38,82,84,85,103,191,286,287,288
71 0 151 1 36,38,81,100,102,103,104,105,106,107
71 1 119 1 36,38,81,100,102,103,104,105,106,107
72 0 144 0 36,54,55,56,57,58,59,60,61,62
73 0 84 0 206,207,216,289,298,305,347,348,349,350
73 1 154 0 206,207,216,289,298,305,347,348,349,350
74 0 42 1 30,31,32,33,34,35
74 1 60 1 30,31,32,33,34,35
75 0 115 0 351,352,353,354,355,356,357,358,359,360
76 0 136 1 20,37,48,63,64,65,66,67,68,69
76 1 83 1 20,37,48,63,64,65,66,67,68,69
77 0 45 0 115,155,208,250,283,305,361,362,363,364
78 0 161 0 21,40,183,186,188,190,327,328,329,330
78 1 24 0 21,40,183,186,188,190,327,328,329,330
79 0 21 1 365,366,367,368,369,370,371,372
79 1 80 1 365,366,367,368,369,370,371,372
80 0 77 0 373,374,375,376,377,378,379,380,381,382
81 0 109 1 0,1,2,5,167,168
81 1 168 1 0,1,2,5,167,168
82 0 121 0 36,84,191,218,383,384,385
83 0 101 0 71,73,77,153,154,249,293,301,386,387,388,389,390,391,392,393,394
83 1 120 0 71,73,77,153,154,249,293,301,386,387,388,389,390,391,392,393,394
84 0 15 1 2,27,36,52,169,395,396,397,398,399
84 1 44 1 2,27,36,52,169,395,396,397,398,399
85 0 27 0 117,120,220,248,304,400,401,402,403,404
86 0 175 1 193,216,250,251,301,388,405,406,407,408
86 1 18 1 193,216,250,251,301,388,405,406,407,408
87 0 36 0 135,177,302,409,410,411,412,413,414,415
88 0 134 0 132,133,134,135,136,137,138,139,140,141
88 1 104 0 132,133,134,135,136,137,138,139,140,141
89 0 84 1 90,135,177,178,179,180,181,182
89 1 41 1 90,135,177,178,179,180,181,182
90 0 109 0 137,158,159,160,161,162,163,164,165,166
91 0 149 1 268,416,417,418
91 1 164 1 268,416,417,418
92 0 131 0 253,254,255,258,259,419,420,421,422,423
93 0 115 0 82,395,424,425,426,427,428,429,430,431
93 1 130 0 82,395,424,425,426,427,428,429,430,431
94 0 45 1 115,155,208,250,283,305,361,362,363,364
94 1 4 1 115,155,208,250,283,305,361,362,363,364
95 0 137 0 24,36,81,85,105,171,218,245,432,433
96 0 176 1 135,151,238,244,434,435,436,437,438,439
96 1 154 1 135,151,238,244,434,435,436,437,438,439
97 0 7 0 36,54,55,56,57,58,59,60,61,62
98 0 157 0 38,85,88,103,105,113,169,170,171,172
98 1 21 0 38,85,88,103,105,113,169,170,171,172
99 0 153 1 440,441,442,443,444,445,446,447,448,449
99 1 150 1 440,441,442,443,444,445,446,447,448,449
100 0 100 0 89,135,151,450
101 0 22 1 135,434,451,452,453,454,455,456,457
101 1 73 1 135,434,451,452,453,454,455,456,457
102 0 51 0 115,116,155,207,208,220,283,305,316,317
103 0 62 0 36,38,81,98,99,100,101,103,105,246
103 1 53 0 36,38,81,98,99,100,101,103,105,246
104 0 170 1 262
104 1 148 1 262
105 0 66 0 135,221,237,240,241,242,451,458,459,460
106 0 162 1 331,332,333,334,335,336
106 1 170 1 331,332,333,334,335,336
107 0 12 0 77,153,154,216,301,312,388,461,462,463
108 0 77 0 0,2,3,5,314,315
108 1 73 0 0,2,3,5,314,315
109 0 109 1 0,1,2,5,167,168
109 1 36 1 0,1,2,5,167,168
110 0 98 0 36,54,55,56,57,58,59,60,61,62
111 0 23 1 90,135,151,155,194,216,464,465,466,467
111 1 138 1 90,135,151,155,194,216,464,465,466,467
112 0 50 0 90,151,153,208,220,221
113 0 89 0 344,468,469,470,471,472,473,474,475,476
113 1 160 0 344,468,469,470,471,472,473,474,475,476
114 0 81 1 27,36,384,477,478,479,480,481,482,483
114 1 29 1 27,36,384,477,478,479,480,481,482,483
115 0 123 0 134,259,468,484,485,486,487,488
116 0 152 1 489
116 1 101 1 489
117 0 180 0 115,143,153,196,197,250,294,298,363,490,491,492,493,494,495,496,497,498,499,500,501,502,503,504
118 0 175 0 193,216,250,251,301,388,405,406,407,408
118 1 76 0 193,216,250,251,301,388,405,406,407,408
119 0 68 1 24,36,82,83,98,102,104,106,383,384
119 1 109 1 24,36,82,83,98,102,104,106,383,384
120 0 151 0 36,38,81,100,102,103,104,105,106,107
121 0 53 1 38,81,85,86,87,102,103,105,106,171,505,506
121 1 44 1 38,81,85,86,87,102,103,105,106,171,505,506
122 0 161 0 21,40,183,186,188,190,327,328,329,330
123 0 55 0 0,1,2,3,4,5,6,7,8,9
123 1 77 0 0,1,2,3,4,5,6,7,8,9
124 0 14 1 36,80,81,82,83,84,85,86,87,88
124 1 121 1 36,80,81,82,83,84,85,86,87,88
125 0 39 0 120,177,179,220,240,248,249,250,251,252
126 0 34 1 18,253,254,259,260,419,421,507,508,509
126 1 114 1 18,253,254,259,260,419,421,507,508,509
127 0 157 0 38,85,88,103,105,113,169,170,171,172
128 0 78 0 22,29,36,85,112,267,510,511,512,513
128 1 101 0 22,29,36,85,112,267,510,511,512,513
129 0 176 1 90,135,151,155,194,216,464,465,466,467
129 1 27 1 90,135,151,155,194,216,464,465,466,467
130 0 131 0 253,254,255,258,259,419,420,421,422,423
131 0 124 1 115,116,155,207,208,220,283,305,316,317
131 1 162 1 115,116,155,207,208,220,283,305,316,317
132 0 77 0 36,54,55,56,57,58,59,60,61,62
133 0 170 0 262
133 1 134 0 262
134 0 94 1 48,511,514,515,516,517,518,519,520,521
134 1 179 1 48,511,514,515,516,517,518,519,520,521
135 0 36 0 135,177,302,409,410,411,412,413,414,415
136 0 104 1 85,127,183,200,201,202,203,204,205
136 1 115 1 85,127,183,200,201,202,203,204,205
137 0 180 0 36,38,80,81,82,84,98,99,100,101
138 0 136 0 90,135,151,153,177,179,181,194,294,522
138 1 129 0 90,135,151,153,177,179,181,194,294,522
139 0 180 1 36,38,80,81,82,84,98,99,100,101
139 1 101 1 36,38,80,81,82,84,98,99,100,101
140 0 27 0 117,120,220,248,304,400,401,402,403,404
141 0 83 1 0,1,33,125,126,127,128,129,130,131
141 1 79 1 0,1,33,125,126,127,128,129,130,131
142 0 121 0 523,524,525
143 0 65 0 10,11,12,13,14,15,16,17,18,19
143 1 113 0 10,11,12,13,14,15,16,17,18,19
144 0 60 1 135,237,243,435,453,458,526,527,528,529
144 1 66 1 135,237,243,435,453,458,526,527,528,529
145 0 174 0 18,135,136,148,158,165,342,476,484,488,530,531,532,533,534,535,536,537,538,539,540,541,542,543,544,545,546,547,548
146 0 55 1 0,1,2,3,4,5,6,7,8,9
146 1 15 1 0,1,2,3,4,5,6,7,8,9
147 0 96 0 151,155
148 0 39 0 120,177,179,220,240,248,249,250,251,252
148 1 12 0 120,177,179,220,240,248,249,250,251,252
149 0 34 1 135,197,237,238,239,240,241,242,243,244
149 1 105 1 135,197,237,238,239,240,241,242,243,244
150 0 152 0 489
151 0 52 1 24,26,105,186,263,264,265,266,267,268
151 1 130 1 24,26,105,186,263,264,265,266,267,268
152 0 81 0 134,158,346,549,550,551,552,553,554,555
153 0 134 0 132,133,134,135,136,137,138,139,140,141
153 1 11 0 132,133,134,135,136,137,138,139,140,141
154 0 114 1 72,117,123,299,556,557,558,559,560,561
154 1 135 1 72,117,123,299,556,557,558,559,560,561
155 0 131 0 135,485,562,563,564,565,566,567,568,569
156 0 172 1 20,21,22,23,24,25,26,27,28,29
156 1 94 1 20,21,22,23,24,25,26,27,28,29
157 0 114 0 72,117,123,299,556,557,558,559,560,561
158 0 94 0 48,511,514,515,516,517,518,519,520,521
158 1 51 0 48,511,514,515,516,517,518,519,520,521
159 0 99 1 36,38,80,81,98,99,100,102,218,219
159 1 12 1 36,38,80,81,98,99,100,102,218,219
160 0 51 0 115,116,155,207,208,220,283,305,316,317
161 0 84 1 206,207,216,289,298,305,347,348,349,350
161 1 55 1 206,207,216,289,298,305,347,348,349,350
162 0 39 0 221,253,254,255,256,257,258,259,260,261
163 0 66 0 20,28,45,46,47,48,49,50,51,52
163 1 36 0 20,28,45,46,47,48,49,50,51,52
164 0 45 1 115,155,208,250,283,305,361,362,363,364
164 1 66 1 115,155,208,250,283,305,361,362,363,364
165 0 175 0 193,216,250,251,301,388,405,406,407,408
166 0 172 1 570,571,572,573,574,575,576,577,578,579
166 1 68 1 570,571,572,573,574,575,576,577,578,579
167 0 51 0 115,116,155,207,208,220,283,305,316,317
168 0 33 0 337,338,339,340,341,342,343,344,345,346
168 1 46 0 337,338,339,340,341,342,343,344,345,346
169 0 139 1 169,580,581,582,583,584,585
169 1 39 1 169,580,581,582,583,584,585
170 0 78 0 22,29,36,85,112,267,510,511,512,513
171 0 176 1 90,135,151,155,194,216,464,465,466,467
171 1 36 1 90,135,151,155,194,216,464,465,466,467
172 0 77 0 36,54,55,56,57,58,59,60,61,62
173 0 14 0 36,80,81,82,83,84,85,86,87,88
173 1 145 0 36,80,81,82,83,84,85,86,87,88
174 0 148 1 586,587,588
174 1 121 1 586,587,588
175 0 137 0 36,38,82,84,85,103,191,286,287,288
176 0 97 1 115,116,117,118,119,120,121,122,123,124
176 1 112 1 115,116,117,118,119,120,121,122,123,124
177 0 164 0 151,208,229,230,231,232,233,234,235,236
178 0 73 0 90,120,135,151,152,153,154,155,156,157
178 1 45 0 90,120,135,151,152,153,154,155,156,157
179 0 148 1 0,589,590,591,592,593,594,595,596,597
179 1 51 1 0,589,590,591,592,593,594,595,596,597
180 0 34 0 18,253,254,259,260,419,421,507,508,509
181 0 100 1 89,135,151,450
181 1 87 1 89,135,151,450
182 0 94 0 48,511,514,515,516,517,518,519,520,521
183 0 131 0 135,485,562,563,564,565,566,567,568,569
183 1 49 0 135,485,562,563,564,565,566,567,568,569
184 0 176 1 135,151,238,244,434,435,436,437,438,439
184 1 137 1 135,151,238,244,434,435,436,437,438,439
185 0 148 0 586,587,588
186 0 144 1 36,54,55,56,57,58,59,60,61,62
186 1 98 1 36,54,55,56,57,58,59,60,61,62
187 0 51 0 115,116,155,207,208,220,283,305,316,317
188 0 21 0 21,188,598
188 1 25 0 21,188,598
189 0 21 1 365,366,367,368,369,370,371,372
189 1 118 1 365,366,367,368,369,370,371,372
190 0 96 0 151,155
191 0 143 1 36,81,87,98,100,101,171,245,246,247
191 1 111 1 36,81,87,98,100,101,171,245,246,247
192 0 44 0 115,155,209,278,279,312,502,599,600,601
193 0 77 0 90,135,151,216,250,289,405,602,603,604
193 1 101 0 90,135,151,216,250,289,405,602,603,604
194 0 60 1 70,77,79,120,196,208,220,249,289,290,291,292,293,294,295,296,297,298,299,300,301,302,303,304,305,306,307
194 1 20 1 70,77,79,120,196,208,220,249,289,290,291,292,293,294,295,296,297,298,299,300,301,302,303,304,305,306,307
195 0 4 0 90,135,157,208,209,210,214,215,216,217
196 0 137 1 36,38,82,84,85,103,191,286,287,288
196 1 121 1 36,38,82,84,85,103,191,286,287,288
197 0 60 0 135,237,243,435,453,458,526,527,528,529
198 0 131 0 135,485,562,563,564,565,566,567,568,569
198 1 168 0 135,485,562,563,564,565,566,567,568,569
199 0 39 1 221,253,254,255,256,257,258,259,260,261
199 1 100 1 221,253,254,255,256,257,258,259,260,261
200 0 155 0 0,2,3,4,33,88,125,131,201,605
201 0 164 1 135,142,143,144,145,146,147,148,149,150
201 1 39 1 135,142,143,144,145,146,147,148,149,150
202 0 164 0 151,208,229,230,231,232,233,234,235,236
203 0 131 0 54,66,85,108,109,110,111,112,113,114
203 1 164 0 54,66,85,108,109,110,111,112,113,114
204 0 109 1 0,1,2,5,167,168
204 1 67 1 0,1,2,5,167,168
205 0 168 0 485,502,606,607,608,609,610
206 0 148 1 0,589,590,591,592,593,594,595,596,597
206 1 145 1 0,589,590,591,592,593,594,595,596,597
207 0 168 0 485,502,606,607,608,609,610
208 0 44 0 115,116,117,118,119,120,121,122,123,124
208 1 115 0 115,116,117,118,119,120,121,122,123,124
209 0 36 1 611
209 1 139 1 611
210 0 175 0 193,216,250,251,301,388,405,406,407,408
211 0 77 1 36,54,55,56,57,58,59,60,61,62
211 1 83 1 36,54,55,56,57,58,59,60,61,62
212 0 161 0 21,40,183,186,188,190,327,328,329,330
213 0 136 0 20,37,48,63,64,65,66,67,68,69
213 1 88 0 20,37,48,63,64,65,66,67,68,69
214 0 161 1 21,40,183,186,188,190,327,328,329,330
214 1 173 1 21,40,183,186,188,190,327,328,329,330
215 0 50 0 90,151,153,208,220,221
216 0 170 1 262
216 1 157 1 262
217 0 150 0 10,18,117,140,259,509,612,613,614,615
218 0 66 0 135,221,237,240,241,242,451,458,459,460
218 1 175 0 135,221,237,240,241,242,451,458,459,460
219 0 131 1 253,254,255,258,259,419,420,421,422,423
219 1 69 1 253,254,255,258,259,419,420,421,422,423
220 0 41 0 183,184,185,186,187,188,189,190,191,192
221 0 33 1 337,338,339,340,341,342,343,344,345,346
221 1 77 1 337,338,339,340,341,342,343,344,345,346
222 0 30 0 20,37,48,63,64,65,66,67,68,69
223 0 12 0 77,153,154,216,301,312,388,461,462,463
223 1 172 0 77,153,154,216,301,312,388,461,462,463
224 0 73 1 134,156,269,270,271,272,273,274,275,276
224 1 77 1 134,156,269,270,271,272,273,274,275,276
225 0 98 0 418,512,616,617,618,619,620,621,622,623
226 0 90 1 53
226 1 11 1 53
227 0 90 0 53
228 0 15 0 2,27,36,52,169,395,396,397,398,399
228 1 153 0 2,27,36,52,169,395,396,397,398,399
229 0 155 1 0,2,3,4,33,88,125,131,201,605
229 1 73 1 0,2,3,4,33,88,125,131,201,605
230 0 120 0 36,85,479,624,625,626,627,628,629,630
231 0 34 1 135,197,237,238,239,240,241,242,243,244
231 1 137 1 135,197,237,238,239,240,241,242,243,244
232 0 57 0 36,38,81,82,98,101,103,106,219,624
233 0 109 0 137,158,159,160,161,162,163,164,165,166
233 1 74 0 137,158,159,160,161,162,163,164,165,166
234 0 34 1 135,197,237,238,239,240,241,242,243,244
234 1 49 1 135,197,237,238,239,240,241,242,243,244
235 0 131 0 253,254,255,258,259,419,420,421,422,423
236 0 77 1 90,135,151,216,250,289,405,602,603,604
236 1 124 1 90,135,151,216,250,289,405,602,603,604
237 0 33 0 337,338,339,340,341,342,343,344,345,346
238 0 90 0 53
238 1 112 0 53
239 0 162 1 331,332,333,334,335,336
239 1 161 1 331,332,333,334,335,336
240 0 32 0 78,196,249,295,300,301,302,461,631,632
241 0 143 1 135,154,182,199,206,207,208,209,210
241 1 62 1 135,154,182,199,206,207,208,209,210
242 0 49 0 36,38,44,85,211,212,213
243 0 23 0 90,135,151,155,194,216,464,465,466,467
243 1 55 0 90,135,151,155,194,216,464,465,466,467
244 0 77 1 36,54,55,56,57,58,59,60,61,62
244 1 164 1 36,54,55,56,57,58,59,60,61,62
245 0 60 0 633,634,635,636,637,638,639,640,641
246 0 115 1 82,395,424,425,426,427,428,429,430,431
246 1 41 1 82,395,424,425,426,427,428,429,430,431
247 0 49 0 36,38,44,85,211,212,213
248 0 29 0 0,33,126,127,589,616,642,643,644,645
248 1 169 0 0,33,126,127,589,616,642,643,644,645
249 0 77 1 90,135,151,216,250,289,405,602,603,604
249 1 15 1 90,135,151,216,250,289,405,602,603,604
250 0 36 0 611
251 0 96 1 151,155
251 1 39 1 151,155
252 0 152 0 20,21,100,186,188,190,418,646,647,648
253 0 147 0 89,90,91,92,93,94,95,96,97
253 1 119 0 89,90,91,92,93,94,95,96,97
254 0 61 1 87,571,649,650,651,652,653,654,655,656
254 1 174 1 87,571,649,650,651,652,653,654,655,656
255 0 161 0 21,40,183,186,188,190,327,328,329,330
256 0 57 1 36,38,81,82,98,101,103,106,219,624
256 1 39 1 36,38,81,82,98,101,103,106,219,624
257 0 30 0 20,37,48,63,64,65,66,67,68,69
258 0 94 0 48,511,514,515,516,517,518,519,520,521
258 1 32 0 48,511,514,515,516,517,518,519,520,521
259 0 76 1 216,277,278,279,280,281,282,283,284,285
259 1 101 1 216,277,278,279,280,281,282,283,284,285
260 0 143 0 135,154,182,199,206,207,208,209,210
261 0 98 1 36,54,55,56,57,58,59,60,61,62
261 1 111 1 36,54,55,56,57,58,59,60,61,62
262 0 51 0 115,116,155,207,208,220,283,305,316,317
263 0 121 0 523,524,525
263 1 18 0 523,524,525
264 0 50 1 90,151,153,208,220,221
264 1 114 1 90,151,153,208,220,221
265 0 121 0 36,84,191,218,383,384,385
266 0 78 1 22,29,36,85,112,267,510,511,512,513
266 1 77 1 22,29,36,85,112,267,510,511,512,513
267 0 83 0 75,153,177,196,302,388,462,657,658,659
268 0 120 0 36,85,479,624,625,626,627,628,629,630
268 1 73 0 36,85,479,624,625,626,627,628,629,630
269 0 24 1 54,66,85,108,109,110,112,113,660,661
269 1 15 1 54,66,85,108,109,110,112,113,660,661
270 0 34 0 135,197,237,238,239,240,241,242,243,244
271 0 148 1 586,587,588
271 1 160 1 586,587,588
272 0 12 0 77,153,154,216,301,312,388,461,462,463
273 0 150 0 10,18,117,140,259,509,612,613,614,615
273 1 96 0 10,18,117,140,259,509,612,613,614,615
274 0 99 1 36,38,80,81,98,99,100,102,218,219
274 1 73 1 36,38,80,81,98,99,100,102,218,219
275 0 121 0 36,84,191,218,383,384,385
276 0 62 1 36,38,81,98,99,100,101,103,105,246
276 1 91 1 36,38,81,98,99,100,101,103,105,246
277 0 152 0 489
278 0 9 0 662,663,664,665
278 1 36 0 662,663,664,665
279 0 94 1 48,511,514,515,516,517,518,519,520,521
279 1 161 1 48,511,514,515,516,517,518,519,520,521
280 0 104 0 85,127,183,200,201,202,203,204,205
281 0 148 1 0,589,590,591,592,593,594,595,596,597
281 1 147 1 0,589,590,591,592,593,594,595,596,597
282 0 55 0 0,1,2,3,4,5,6,7,8,9
283 0 73 0 90,120,135,151,152,153,154,155,156,157
283 1 144 0 90,120,135,151,152,153,154,155,156,157
284 0 180 1 36,38,80,81,82,84,98,99,100,101
284 1 158 1 36,38,80,81,82,84,98,99,100,101
285 0 52 0 24,26,105,186,263,264,265,266,267,268
286 0 14 1 36,80,81,82,83,84,85,86,87,88
286 1 139 1 36,80,81,82,83,84,85,86,87,88
287 0 78 0 22,29,36,85,112,267,510,511,512,513
288 0 87 0 89,90,135,154,177,196,199,250,251,301,349,375,491,522,666,667,668,669,670,671,672,673,674,675,676,677,678,679,680,681,682
288 1 124 0 89,90,135,154,177,196,199,250,251,301,349,375,491,522,666,667,668,669,670,671,672,673,674,675,676,677,678,679,680,681,682
289 0 131 1 253,254,255,258,259,419,420,421,422,423
289 1 159 1 253,254,255,258,259,419,420,421,422,423
290 0 32 0 78,196,249,295,300,301,302,461,631,632
291 0 83 1 0,1,33,125,126,127,128,129,130,131
291 1 86 1 0,1,33,125,126,127,128,129,130,131
292 0 169 0 89,132,421,470,502,683,684,685,686,687
293 0 21 0 21,188,598
293 1 156 0 21,188,598
294 0 52 1 24,36,38,81,82,103,107,113,245,433,624,688
294 1 176 1 24,36,38,81,82,103,107,113,245,433,624,688
295 0 87 0 89,90,135,154,177,196,199,250,251,301,349,375,491,522,666,667,668,669,670,671,672,673,674,675,676,677,678,679,680,681,682
296 0 49 1 36,38,44,85,211,212,213
296 1 165 1 36,38,44,85,211,212,213
297 0 81 0 27,36,384,477,478,479,480,481,482,483
298 0 121 0 36,84,191,218,383,384,385
298 1 145 0 36,84,191,218,383,384,385
299 0 97 1 115,116,117,118,119,120,121,122,123,124
299 1 60 1 115,116,117,118,119,120,121,122,123,124
300 0 109 0 0,1,2,5,167,168
301 0 79 1 73,77,94,96,135,151,154,196,199,220,301,319,386,389,410,496,509,556,567,664,682,689,690,691,692,693,694,695,696,697,698,699,700,701,702,703,704,705,706,707,708,709,710,711,712,713,714,715,716,717,718,719,720,721,722,723,724,725,726,727,728,729,730,731,732,733
301 1 175 1 73,77,94,96,135,151,154,196,199,220,301,319,386,389,410,496,509,556,567,664,682,689,690,691,692,693,694,695,696,697,698,699,700,701,702,703,704,705,706,707,708,709,710,711,712,713,714,715,716,717,718,719,720,721,722,723,724,725,726,727,728,729,730,731,732,733
302 0 152 0 489
303 0 73 0 90,120,135,151,152,153,154,155,156,157
303 1 163 0 90,120,135,151,152,153,154,155,156,157
304 0 78 1 22,29,36,85,112,267,510,511,512,513
304 1 136 1 22,29,36,85,112,267,510,511,512,513
305 0 176 0 90,135,151,155,194,216,464,465,466,467
306 0 157 1 38,85,88,103,105,113,169,170,171,172
306 1 34 1 38,85,88,103,105,113,169,170,171,172
307 0 39 0 36,37,38,80,81,82,85,88,98,100,103,113,170,191,218,286,287,734,735,736,737,738,739,740,741,742,743,744,745
308 0 39 0 221,253,254,255,256,257,258,259,260,261
308 1 66 0 221,253,254,255,256,257,258,259,260,261
309 0 15 1 2,27,36,52,169,395,396,397,398,399
309 1 158 1 2,27,36,52,169,395,396,397,398,399
310 0 29 0 2,200,398,746,747,748,749,750,751,752,753,754,755,756,757,758,759
311 0 149 1 268,416,417,418
311 1 46 1 268,416,417,418
312 0 139 0 169,580,581,582,583,584,585
313 0 123 0 134,259,468,484,485,486,487,488
313 1 17 0 134,259,468,484,485,486,487,488
314 0 60 1 135,237,243,435,453,458,526,527,528,529
314 1 83 1 135,237,243,435,453,458,526,527,528,529
315 0 81 0 27,36,384,477,478,479,480,481,482,483
316 0 121 1 523,524,525
316 1 54 1 523,524,525
317 0 98 0 36,54,55,56,57,58,59,60,61,62
318 0 84 0 90,135,177,178,179,180,181,182
318 1 41 0 90,135,177,178,179,180,181,182
319 0 71 1 36,38,81,101,103,113,170,245,246,247
319 1 41 1 36,38,81,101,103,113,170,245,246,247
320 0 45 0 115,155,208,250,283,305,361,362,363,364
321 0 125 1 485,502,607,608,609,610
321 1 22 1 485,502,607,608,609,610
322 0 139 0 216,277,278,279,280,281,282,283,284,285
323 0 44 0 115,155,209,278,279,312,502,599,600,601
323 1 142 0 115,155,209,278,279,312,502,599,600,601
324 0 29 1 0,33,126,127,589,616,642,643,644,645
324 1 77 1 0,33,126,127,589,616,642,643,644,645
325 0 23 0 90,135,151,155,194,216,464,465,466,467
326 0 150 1 169,760,761
326 1 25 1 169,760,761
327 0 120 0 36,85,479,624,625,626,627,628,629,630
328 0 149 0 268,416,417,418
328 1 131 0 268,416,417,418
329 0 136 1 90,135,151,153,177,179,181,194,294,522
329 1 81 1 90,135,151,153,177,179,181,194,294,522
330 0 36 0 611
331 0 131 1 135,485,562,563,564,565,566,567,568,569
331 1 66 1 135,485,562,563,564,565,566,567,568,569
332 0 4 0 90,135,157,208,209,210,214,215,216,217
333 0 62 0 426,762,763,764,765,766,767,768,769,770,771,772,773,774
333 1 86 0 426,762,763,764,765,766,767,768,769,770,771,772,773,774
334 0 136 1 36,54,55,56,57,58,59,60,61,62
334 1 60 1 36,54,55,56,57,58,59,60,61,62
335 0 94 0 48,511,514,515,516,517,518,519,520,521
336 0 33 1 337,338,339,340,341,342,343,344,345,346
336 1 69 1 337,338,339,340,341,342,343,344,345,346
337 0 101 0 71,73,77,153,154,249,293,301,386,387,388,389,390,391,392,393,394
338 0 55 0 0,1,2,3,4,5,6,7,8,9
338 1 22 0 0,1,2,3,4,5,6,7,8,9
339 0 57 1 36,38,81,82,98,101,103,106,219,624
339 1 89 1 36,38,81,82,98,101,103,106,219,624
340 0 176 0 135,151,238,244,434,435,436,437,438,439
341 0 100 1 89,135,151,450
341 1 98 1 89,135,151,450
342 0 174 0 18,135,136,148,158,165,342,476,484,488,530,531,532,533,534,535,536,537,538,539,540,541,542,543,544,545,546,547,548
343 0 120 0 36,85,479,624,625,626,627,628,629,630
343 1 72 0 36,85,479,624,625,626,627,628,629,630
344 0 109 1 0,1,2,5,167,168
344 1 148 1 0,1,2,5,167,168
345 0 161 0 21,40,183,186,188,190,327,328,329,330
346 0 81 1 27,36,384,477,478,479,480,481,482,483
346 1 159 1 27,36,384,477,478,479,480,481,482,483
347 0 172 0 570,571,572,573,574,575,576,577,578,579
348 0 124 0 115,116,155,207,208,220,283,305,316,317
348 1 80 0 115,116,155,207,208,220,283,305,316,317
349 0 109 1 0,1,2,5,167,168
349 1 78 1 0,1,2,5,167,168
350 0 27 0 90,120,135,151,197,295,310,775,776,777
351 0 62 1 113,169,170,246,286,288,397,778,779,780
351 1 29 1 113,169,170,246,286,288,397,778,779,780
352 0 4 0 90,135,157,208,209,210,214,215,216,217
353 0 144 0 36,54,55,56,57,58,59,60,61,62
353 1 100 0 36,54,55,56,57,58,59,60,61,62
354 0 150 1 169,760,761
354 1 53 1 169,760,761
355 0 62 0 36,38,81,98,99,100,101,103,105,246
356 0 88 1 73,75,77,182,209,238,293,295,631,781,782,783,784,785,786,787,788
356 1 10 1 73,75,77,182,209,238,293,295,631,781,782,783,784,785,786,787,788
357 0 99 0 36,38,80,81,98,99,100,102,218,219
358 0 29 0 0,33,126,127,589,616,642,643,644,645
358 1 165 0 0,33,126,127,589,616,642,643,644,645
359 0 123 1 134,259,468,484,485,486,487,488
359 1 155 1 134,259,468,484,485,486,487,488
360 0 77 0 36,54,55,56,57,58,59,60,61,62
361 0 164 1 135,142,143,144,145,146,147,148,149,150
361 1 141 1 135,142,143,144,145,146,147,148,149,150
362 0 98 0 36,54,55,56,57,58,59,60,61,62
363 0 96 0 36,54,55,56,57,58,59,60,61,62
363 1 160 0 36,54,55,56,57,58,59,60,61,62
364 0 161 1 21,40,183,186,188,190,327,328,329,330
364 1 120 1 21,40,183,186,188,190,327,328,329,330
365 0 166 0 789,790,791,792,793
366 0 77 1 36,54,55,56,57,58,59,60,61,62
366 1 4 1 36,54,55,56,57,58,59,60,61,62
367 0 164 0 151,208,229,230,231,232,233,234,235,236
368 0 14 0 36,80,81,82,83,84,85,86,87,88
368 1 172 0 36,80,81,82,83,84,85,86,87,88
369 0 39 1 120,177,179,220,240,248,249,250,251,252
369 1 30 1 120,177,179,220,240,248,249,250,251,252
370 0 61 0 87,571,649,650,651,652,653,654,655,656
371 0 131 1 135,485,562,563,564,565,566,567,568,569
371 1 4 1 135,485,562,563,564,565,566,567,568,569
372 0 96 0 151,155
373 0 151 0 36,38,81,100,102,103,104,105,106,107
373 1 151 0 36,38,81,100,102,103,104,105,106,107
374 0 60 1 633,634,635,636,637,638,639,640,641
374 1 111 1 633,634,635,636,637,638,639,640,641
375 0 32 0 78,196,249,295,300,301,302,461,631,632
376 0 66 1 20,28,45,46,47,48,49,50,51,52
376 1 32 1 20,28,45,46,47,48,49,50,51,52
377 0 172 0 570,571,572,573,574,575,576,577,578,579
378 0 60 0 633,634,635,636,637,638,639,640,641
378 1 129 0 633,634,635,636,637,638,639,640,641
379 0 137 1 24,36,81,85,105,171,218,245,432,433
379 1 49 1 24,36,81,85,105,171,218,245,432,433
380 0 12 0 77,153,154,216,301,312,388,461,462,463
381 0 55 1 0,1,2,3,4,5,6,7,8,9
381 1 36 1 0,1,2,3,4,5,6,7,8,9
382 0 76 0 77,115,197,222,223,224,225,226,227,228
383 0 36 0 135,177,302,409,410,411,412,413,414,415
383 1 57 0 135,177,302,409,410,411,412,413,414,415
384 0 162 1 331,332,333,334,335,336
384 1 80 1 331,332,333,334,335,336
385 0 68 0 24,36,82,83,98,102,104,106,383,384
386 0 156 1 154,179,208,220,461,599,794,795,796,797
386 1 46 1 154,179,208,220,461,599,794,795,796,797
387 0 12 0 77,153,154,216,301,312,388,461,462,463
388 0 162 0 331,332,333,334,335,336
388 1 80 0 331,332,333,334,335,336
389 0 21 1 21,188,598
389 1 101 1 21,188,598
390 0 137 0 36,38,82,84,85,103,191,286,287,288
391 0 90 1 53
391 1 61 1 53
392 0 131 0 253,254,255,258,259,419,420,421,422,423
