80 6 7 720

0 0 55 1 0,1,2,3,4,5,6,7,8,9
0 1 101 1 0,1,2,3,4,5,6,7,8,9
1 0 65 0 10,11,12,13,14,15,16,17,18,19
1 1 25 0 10,11,12,13,14,15,16,17,18,19
2 0 172 1 20,21,22,23,24,25,26,27,28,29
3 0 42 0 30,31,32,33,34,35
3 1 156 0 30,31,32,33,34,35
4 0 44 1 36,37,38,39,40,41,42,43,44,45
4 1 36 1 36,37,38,39,40,41,42,43,44,45
5 0 66 0 20,28,45,46,47,48,49,50,51,52
6 0 90 1 53
6 1 83 1 53
7 0 31 0 36,54,55,56,57,58,59,60,61,62
8 0 136 0 20,37,48,63,64,65,66,67,68,69
8 1 52 0 20,37,48,63,64,65,66,67,68,69
9 0 63 1 70,71,72,73,74,75,76,77,78,79
9 1 150 1 70,71,72,73,74,75,76,77,78,79
10 0 96 0 36,54,55,56,57,58,59,60,61,62
11 0 14 1 36,80,81,82,83,84,85,86,87,88
11 1 34 1 36,80,81,82,83,84,85,86,87,88
12 0 147 0 89,90,91,92,93,94,95,96,97
13 0 180 0 20,36,38,53,63,64,80,81,82,84,85,98,99
13 1 174 0 20,36,38,53,63,64,80,81,82,84,85,98,99
14 0 151 1 20,36,38,53,57,63,64,67,69,81
14 1 80 1 20,36,38,53,57,63,64,67,69,81
15 0 131 0 20,53,54,57,63,64,66,67,69,85
16 0 97 1 20,36,38,53,57,62,63,64,67,69
16 1 160 1 20,36,38,53,57,62,63,64,67,69
17 0 83 0 0,1,20,33,53,57,63,64,67,69
18 0 134 0 20,36,38,53,57,62,63,64,67,69
18 1 152 0 20,36,38,53,57,62,63,64,67,69
19 0 164 1 20,36,38,53,57,62,63,64,67,69
19 1 75 1 20,36,38,53,57,62,63,64,67,69
20 0 73 0 20,36,38,53,57,63,64,67,69,90
21 0 109 1 20,36,38,53,57,62,63,64,67,69
21 1 112 1 20,36,38,53,57,62,63,64,67,69
22 0 109 0 0,1,2,5,20,63
23 0 157 0 20,38,53,57,63,64,67,69,85,88
23 1 79 0 20,38,53,57,63,64,67,69,85,88
24 0 12 1 20,53,63,64
24 1 45 1 20,53,63,64
25 0 84 0 20,53,57,63,64,67,69,90
26 0 41 1 20,36,38,53,57,62,63,64,67,69
26 1 176 1 20,36,38,53,57,62,63,64,67,69
27 0 105 0 36,54,55,56,57,58,59,60,61,62
28 0 144 0 36,54,55,56,57,58,59,60,61,62
28 1 97 0 36,54,55,56,57,58,59,60,61,62
29 0 44 1 20,36,38,53,57,62,63,64,67,69
29 1 19 1 20,36,38,53,57,62,63,64,67,69
30 0 131 0 20,53,54,57,63,64,66,67,69,85
31 0 72 1 20,36,38,53,57,63,64,67,69,77
31 1 114 1 20,36,38,53,57,63,64,67,69,77
32 0 104 0 20,36,53,57,63,64,67,69,85
33 0 143 0 20,36,38,53,57,63,64,67,69
33 1 53 0 20,36,38,53,57,63,64,67,69
34 0 49 1 20,36,38,44,53,63,85
34 1 27 1 20,36,38,44,53,63,85
35 0 4 0 20,36,38,53,57,63,64,67,69,90
36 0 99 1 20,36,38,53,63,64,80,81,98,99
36 1 152 1 20,36,38,53,63,64,80,81,98,99
37 0 50 0 20,53,63,64,69,90
38 0 76 0 20,36,38,53,57,63,64,67,69,77
38 1 160 0 20,36,38,53,57,63,64,67,69,77
39 0 151 1 20,36,38,53,57,63,64,67,69,81
39 1 34 1 20,36,38,53,57,63,64,67,69,81
40 0 164 0 20,36,38,53,57,62,63,64,67,69
41 0 34 1 20,36,38,53,57,62,63,64,67,69
41 1 10 1 20,36,38,53,57,62,63,64,67,69
42 0 71 0 20,36,38,53,57,63,64,67,69,81
43 0 164 0 20,36,38,53,57,62,63,64,67,69
43 1 168 0 20,36,38,53,57,62,63,64,67,69
44 0 39 1 20,36,38,53,57,62,63,64,67,69
44 1 98 1 20,36,38,53,57,62,63,64,67,69
45 0 39 0 20,36,38,53,57,62,63,64,67,69
46 0 170 1 63
46 1 34 1 63
47 0 144 0 36,54,55,56,57,58,59,60,61,62
48 0 52 0 20,24,26,36,53,57,63,64,67,69
48 1 173 0 20,24,26,36,53,57,63,64,67,69
