MyInstances/n=75,p=0.25,r=0.5,t=650,v0.csv;ToolSetInt.csv
7;720;1440
Machine: 0 = (15,0);(15,1);(17,0);(17,1);(2,0);(16,0);(43,0);(36,0);(26,0);(26,1);(11,0);(11,1);(41,1);(41,0);(9,0);(44,0);(34,1);(34,0);(12,1);(12,0);(32,0);(35,0);(35,1);(47,0);(25,0);(30,0);(33,0);(4,0);(4,1);(29,0);(29,1);(14,0);(49,0);(19,0);(48,0);(48,1);
15;0;0;122;0;15,16,17,18,19,20,21,22,23,24,25,26,34,35,36,37,38,39,40,41,42,43,44,45,46,48,49,50,51,52,53,54,55,56,57,58,59,60,61,110,111,494,495,496,778,1311,1423,2091,3717,5825,6244,
15;1;122;244;0;15,16,17,18,19,20,21,22,23,24,25,26,34,35,36,37,38,39,40,41,42,43,44,45,46,48,49,50,51,52,53,54,55,56,57,58,59,60,61,110,111,494,495,496,778,1311,1423,2091,3717,5825,6244,
17;0;244;303;0;15,16,149,276,395,397,398,400,591,640,644,773,833,834,835,838,854,855,946,948,1146,1474,1483,1674,2091,2379,2645,2677,7294,7299,8165,8166,8170,8171,8174,8391,8407,8426,8427,8428,8787,8788,8968,8969,8970,8971,8972,8973,8974,8989,8990,
17;1;303;362;0;15,16,149,276,395,397,398,400,591,640,644,773,833,834,835,838,854,855,946,948,1146,1474,1483,1674,2091,2379,2645,2677,7294,7299,8165,8166,8170,8171,8174,8391,8407,8426,8427,8428,8787,8788,8968,8969,8970,8971,8972,8973,8974,8989,8990,
2;0;362;500;1;100,137,146,149,177,245,288,289,290,291,300,314,351,395,397,400,591,640,647,1095,1118,1361,1417,1481,1488,1540,1668,1768,1919,1923,2091,2117,2370,2645,2910,3698,4220,5050,5185,5373,5417,5418,5419,5420,5421,5422,5423,5424,5425,5426,8165,
16;0;500;668;0;7,8,100,137,146,149,177,245,288,289,395,591,640,647,895,933,1052,1118,1478,1515,1811,2091,2645,2692,2695,2805,2808,2910,3443,3630,4359,4404,4428,4448,4465,6106,6596,6597,6803,7927,8034,8165,8166,8172,8368,8431,8977,9010,9011,9012,9013,
43;0;668;834;0;1,7,8,95,100,135,137,146,149,177,245,288,289,292,295,395,404,591,640,647,854,895,1051,1052,1118,1231,1489,1799,1816,1920,2322,2476,2645,2709,2892,2910,3250,3267,3268,3284,3711,3712,4033,4470,4472,4497,7635,8041,9199,9200,9201,
36;0;1440;1514;0;1,7,8,87,89,94,95,100,104,135,137,140,144,149,276,289,349,404,693,762,764,766,768,769,772,831,833,834,844,854,863,945,947,949,1019,1020,1021,1022,1023,1024,1025,1026,1027,1028,1029,1030,1031,1052,1231,1816,2645,
26;0;1514;1530;0;8,15,16,17,19,24,26,37,38,39,40,46,52,54,60,87,89,95,135,144,289,404,408,412,415,427,479,490,537,632,730,762,764,766,768,769,831,1052,1155,1231,1432,1433,1434,1435,1436,1437,1438,1439,1440,1441,2645,
26;1;1530;1546;0;8,15,16,17,19,24,26,37,38,39,40,46,52,54,60,87,89,95,135,144,289,404,408,412,415,427,479,490,537,632,730,762,764,766,768,769,831,1052,1155,1231,1432,1433,1434,1435,1436,1437,1438,1439,1440,1441,2645,
11;0;1546;1652;1;8,15,17,24,26,29,38,39,40,46,52,54,60,87,95,135,144,175,206,280,289,364,404,412,496,512,516,632,741,769,871,1052,1231,1587,2062,2063,2306,2645,2941,3345,3346,4135,4313,4314,4315,4316,4317,4318,4339,6175,6176,
11;1;1652;1758;1;8,15,17,24,26,29,38,39,40,46,52,54,60,87,95,135,144,175,206,280,289,364,404,412,496,512,516,632,741,769,871,1052,1231,1587,2062,2063,2306,2645,2941,3345,3346,4135,4313,4314,4315,4316,4317,4318,4339,6175,6176,
41;1;1758;1936;0;15,24,29,39,52,54,60,144,159,206,289,581,871,1085,1287,1293,1587,1651,1925,2062,2063,2273,2306,2827,2879,2941,2968,3345,3346,3384,3421,3734,3851,3852,4313,4314,4315,4316,4317,4318,5779,6445,6693,6861,6862,6863,6864,6865,6866,6867,6868,
41;0;1936;2114;0;15,24,29,39,52,54,60,144,159,206,289,581,871,1085,1287,1293,1587,1651,1925,2062,2063,2273,2306,2827,2879,2941,2968,3345,3346,3384,3421,3734,3851,3852,4313,4314,4315,4316,4317,4318,5779,6445,6693,6861,6862,6863,6864,6865,6866,6867,6868,
9;0;2114;2266;1;15,20,24,29,39,52,54,60,144,199,200,201,202,203,204,205,206,207,208,209,210,211,212,213,214,215,216,217,218,219,220,221,222,223,224,289,871,1085,1287,1587,2062,2063,2306,3345,3346,4313,4314,4315,4316,4317,4318,
44;0;2880;2919;0;15,24,29,39,54,60,144,206,218,221,267,268,272,273,287,289,303,308,434,871,902,903,904,905,921,922,936,940,1085,1204,1205,1206,1207,1208,1209,1210,1211,1212,1287,1587,2062,2063,2306,3345,3346,4313,4314,4315,4316,4317,4318,
34;1;2919;3079;0;15,24,29,39,54,60,111,144,206,218,221,267,268,272,273,287,289,303,308,434,502,871,902,903,904,905,921,922,936,940,1085,1195,1204,1283,1287,1463,1587,1936,2062,2063,2306,2869,3345,3346,3427,4313,4314,4315,4316,4317,4318,
34;0;3079;3239;0;15,24,29,39,54,60,111,144,206,218,221,267,268,272,273,287,289,303,308,434,502,871,902,903,904,905,921,922,936,940,1085,1195,1204,1283,1287,1463,1587,1936,2062,2063,2306,2869,3345,3346,3427,4313,4314,4315,4316,4317,4318,
12;1;3239;3264;0;15,24,29,39,54,60,111,144,206,218,221,267,268,272,273,287,289,303,308,434,499,502,533,547,871,902,903,904,905,921,922,979,1085,1287,1509,1587,1596,2062,2063,2306,3345,3346,4313,4314,4315,4316,4317,4318,4452,7381,7950,
12;0;3264;3289;0;15,24,29,39,54,60,111,144,206,218,221,267,268,272,273,287,289,303,308,434,499,502,533,547,871,902,903,904,905,921,922,979,1085,1287,1509,1587,1596,2062,2063,2306,3345,3346,4313,4314,4315,4316,4317,4318,4452,7381,7950,
32;0;3289;3406;0;15,24,29,39,54,60,111,144,198,206,218,221,267,268,272,273,287,289,303,308,434,499,502,533,547,871,902,903,904,905,1085,1287,1587,2062,2063,2305,2306,3345,3346,3831,4213,4313,4314,4315,4316,4317,4318,5314,6175,6760,6761,
35;0;3406;3519;0;15,17,24,25,26,29,35,38,39,40,42,46,49,54,60,74,79,111,144,198,206,218,221,267,268,272,273,287,289,303,448,476,655,871,995,1085,1088,1113,1114,1115,1287,2062,2063,3345,3346,4313,4314,4315,4316,4317,4318,
35;1;3519;3632;0;15,17,24,25,26,29,35,38,39,40,42,46,49,54,60,74,79,111,144,198,206,218,221,267,268,272,273,287,289,303,448,476,655,871,995,1085,1088,1113,1114,1115,1287,2062,2063,3345,3346,4313,4314,4315,4316,4317,4318,
47;0;4320;4415;0;15,17,24,25,26,29,34,35,38,39,40,42,46,49,54,60,74,144,198,289,485,871,1287,1940,2036,2058,2062,2063,2958,3022,3345,3346,3349,3713,3879,3906,4173,4174,4175,4176,4177,4178,4179,4180,4181,4313,4314,4315,4316,4317,4318,
25;0;4415;4460;0;8,15,17,24,25,26,29,34,35,38,39,40,42,46,49,54,60,74,142,144,198,289,390,398,404,405,429,644,645,646,648,871,1056,1062,1146,1287,2062,2063,2102,2106,2155,2529,2530,3345,3346,4313,4314,4315,4316,4317,4318,
30;0;4460;4479;0;8,15,17,24,25,26,29,34,35,38,39,40,42,54,60,144,297,329,390,644,871,1146,1198,1287,2062,2063,2600,2628,2645,2774,2775,2778,3263,3345,3346,4313,4314,4315,4316,4317,4318,4567,4739,4740,4946,5230,5633,5683,7425,7426,7427,
33;0;4479;4547;0;4,8,15,17,24,25,26,29,34,35,38,39,40,42,54,60,95,135,144,297,329,390,394,402,644,769,871,1052,1053,1146,1159,1198,1230,1231,1232,1233,1234,1235,1236,1287,2062,2063,2822,3345,3346,4313,4314,4315,4316,4317,4318,
4;0;4547;4564;1;4,8,15,17,24,25,26,29,34,35,38,39,40,42,54,60,95,144,390,394,871,875,1053,1146,1274,1277,1287,1293,1294,1295,1512,1702,2062,2063,2263,2264,2443,2444,2445,2446,2447,2448,2449,3345,3346,4313,4314,4315,4316,4317,4318,
4;1;4564;4581;1;4,8,15,17,24,25,26,29,34,35,38,39,40,42,54,60,95,144,390,394,871,875,1053,1146,1274,1277,1287,1293,1294,1295,1512,1702,2062,2063,2263,2264,2443,2444,2445,2446,2447,2448,2449,3345,3346,4313,4314,4315,4316,4317,4318,
29;0;4581;4646;0;4,8,15,17,24,25,26,29,34,35,38,39,40,42,54,60,95,144,390,394,871,875,1053,1146,1274,1277,1287,1293,1294,1295,1512,1702,1707,2062,2063,2263,2264,2443,2444,2445,2446,2447,3345,3346,4313,4314,4315,4316,4317,4318,6041,
29;1;4646;4711;0;4,8,15,17,24,25,26,29,34,35,38,39,40,42,54,60,95,144,390,394,871,875,1053,1146,1274,1277,1287,1293,1294,1295,1512,1702,1707,2062,2063,2263,2264,2443,2444,2445,2446,2447,3345,3346,4313,4314,4315,4316,4317,4318,6041,
14;0;4711;4803;0;4,8,15,17,24,25,26,27,29,34,35,38,39,40,42,54,60,95,144,390,394,871,875,1053,1146,1268,1269,1270,1274,1277,1287,1293,1294,1295,1322,1512,1702,1707,2062,2063,2220,2235,2263,2264,2407,3703,3721,3797,4112,4217,4353,
49;0;4803;4827;0;4,8,15,17,24,25,26,27,29,34,35,38,39,40,42,54,60,87,89,90,95,144,390,394,762,763,764,766,768,773,831,844,871,875,944,1041,1042,1043,1053,1146,1268,1269,1270,1274,1277,1287,1293,1294,1295,1322,1512,
19;0;4827;4916;0;4,8,15,17,24,25,26,27,29,34,35,38,39,40,42,54,60,87,89,90,95,144,390,394,762,763,764,766,768,773,831,844,871,875,1053,1146,3190,3469,3470,3471,3472,3473,3474,3475,3476,3477,3478,3479,3480,3481,3482,
48;0;4916;4977;0;4,8,15,17,24,25,26,27,29,34,35,38,39,40,42,54,60,87,89,90,95,144,149,390,394,762,763,764,766,768,773,831,844,871,875,1050,1053,1121,1145,1146,1358,1484,1816,2128,2613,2614,3190,3469,3470,3471,3472,
48;1;4977;5038;0;4,8,15,17,24,25,26,27,29,34,35,38,39,40,42,54,60,87,89,90,95,144,149,390,394,762,763,764,766,768,773,831,844,871,875,1050,1053,1121,1145,1146,1358,1484,1816,2128,2613,2614,3190,3469,3470,3471,3472,
15;0;5038;5160;0;15,16,17,18,19,20,21,22,23,24,25,26,34,35,36,37,38,39,40,41,42,43,44,45,46,48,49,50,51,52,53,54,55,56,57,58,59,60,61,110,111,494,495,496,778,1311,1423,2091,3717,5825,6244,
15;1;5160;5282;0;15,16,17,18,19,20,21,22,23,24,25,26,34,35,36,37,38,39,40,41,42,43,44,45,46,48,49,50,51,52,53,54,55,56,57,58,59,60,61,110,111,494,495,496,778,1311,1423,2091,3717,5825,6244,
17;0;5760;5819;0;15,16,149,276,395,397,398,400,591,640,644,773,833,834,835,838,854,855,946,948,1146,1474,1483,1674,2091,2379,2645,2677,7294,7299,8165,8166,8170,8171,8174,8391,8407,8426,8427,8428,8787,8788,8968,8969,8970,8971,8972,8973,8974,8989,8990,
17;1;5819;5878;0;15,16,149,276,395,397,398,400,591,640,644,773,833,834,835,838,854,855,946,948,1146,1474,1483,1674,2091,2379,2645,2677,7294,7299,8165,8166,8170,8171,8174,8391,8407,8426,8427,8428,8787,8788,8968,8969,8970,8971,8972,8973,8974,8989,8990,
2;0;5878;6016;1;100,137,146,149,177,245,288,289,290,291,300,314,351,395,397,400,591,640,647,1095,1118,1361,1417,1481,1488,1540,1668,1768,1919,1923,2091,2117,2370,2645,2910,3698,4220,5050,5185,5373,5417,5418,5419,5420,5421,5422,5423,5424,5425,5426,8165,
16;0;6016;6184;0;7,8,100,137,146,149,177,245,288,289,395,591,640,647,895,933,1052,1118,1478,1515,1811,2091,2645,2692,2695,2805,2808,2910,3443,3630,4359,4404,4428,4448,4465,6106,6596,6597,6803,7927,8034,8165,8166,8172,8368,8431,8977,9010,9011,9012,9013,
43;0;6184;6350;0;1,7,8,95,100,135,137,146,149,177,245,288,289,292,295,395,404,591,640,647,854,895,933,1051,1052,1118,1231,1489,1799,1816,1920,2322,2476,2709,2892,2910,3250,3267,3268,3284,3711,3712,4033,4470,4472,4497,7635,8041,9199,9200,9201,
36;0;6350;6424;0;1,7,8,87,89,94,95,100,104,135,137,140,144,146,149,177,245,276,288,289,349,404,693,762,764,766,768,769,772,831,833,834,844,854,863,945,947,949,1019,1020,1021,1022,1023,1024,1025,1026,1027,1028,1029,1030,1031,
26;0;6424;6440;0;1,7,8,15,16,17,19,24,26,37,38,39,40,46,52,54,60,87,89,94,95,100,104,135,137,140,144,146,149,289,404,408,412,415,427,479,490,537,632,730,1155,1432,1433,1434,1435,1436,1437,1438,1439,1440,1441,
26;1;6440;6456;0;1,7,8,15,16,17,19,24,26,37,38,39,40,46,52,54,60,87,89,94,95,100,104,135,137,140,144,146,149,289,404,408,412,415,427,479,490,537,632,730,1155,1432,1433,1434,1435,1436,1437,1438,1439,1440,1441,
11;0;6456;6562;1;1,7,8,15,16,17,19,24,26,29,37,38,39,40,46,52,54,60,87,89,144,175,206,280,289,364,404,412,496,512,516,632,741,871,1587,2062,2063,2306,2941,3345,3346,4135,4313,4314,4315,4316,4317,4318,4339,6175,6176,
11;1;6562;6668;1;1,7,8,15,16,17,19,24,26,29,37,38,39,40,46,52,54,60,87,89,144,175,206,280,289,364,404,412,496,512,516,632,741,871,1587,2062,2063,2306,2941,3345,3346,4135,4313,4314,4315,4316,4317,4318,4339,6175,6176,
41;1;7200;7378;0;15,24,29,39,52,54,60,144,159,206,289,581,871,1085,1287,1293,1587,1651,1925,2062,2063,2273,2306,2827,2879,2941,2968,3345,3346,3384,3421,3734,3851,3852,4313,4314,4315,4316,4317,4318,5779,6445,6693,6861,6862,6863,6864,6865,6866,6867,6868,
41;0;7378;7556;0;15,24,29,39,52,54,60,144,159,206,289,581,871,1085,1287,1293,1587,1651,1925,2062,2063,2273,2306,2827,2879,2941,2968,3345,3346,3384,3421,3734,3851,3852,4313,4314,4315,4316,4317,4318,5779,6445,6693,6861,6862,6863,6864,6865,6866,6867,6868,
9;0;7556;7708;1;15,20,24,29,39,52,54,60,144,159,199,200,201,202,203,204,205,206,207,208,209,210,211,212,213,214,215,216,217,218,219,220,221,222,223,224,289,871,1085,1587,2062,2063,2306,3345,3346,4313,4314,4315,4316,4317,4318,
44;0;7708;7747;0;15,20,24,29,39,54,60,144,206,218,221,267,268,272,273,287,289,303,308,434,871,902,903,904,905,921,922,936,940,1085,1204,1205,1206,1207,1208,1209,1210,1211,1212,1587,2062,2063,2306,3345,3346,4313,4314,4315,4316,4317,4318,
34;1;7747;7907;0;15,20,24,29,39,54,60,111,144,206,218,221,267,268,272,273,287,289,303,308,434,502,871,902,903,904,905,921,922,936,940,1085,1195,1204,1283,1463,1587,1936,2062,2063,2306,2869,3345,3346,3427,4313,4314,4315,4316,4317,4318,
12;1;7907;7932;0;15,20,24,29,39,54,60,111,144,206,218,221,267,268,272,273,287,289,303,308,434,499,502,533,547,871,979,1085,1195,1283,1463,1509,1587,1596,1936,2062,2063,2306,2869,3345,3346,3427,4313,4314,4315,4316,4317,4318,4452,7381,7950,
34;0;7932;8092;0;15,20,24,29,39,54,60,111,144,206,218,221,267,268,272,273,287,289,303,308,434,499,502,533,547,871,979,1085,1195,1283,1463,1509,1587,1596,1936,2062,2063,2306,2869,3345,3346,3427,4313,4314,4315,4316,4317,4318,4452,7381,7950,
32;0;8640;8757;0;15,20,24,29,39,54,60,111,144,198,206,218,221,267,268,272,273,287,289,303,308,499,533,547,871,979,1085,1509,1587,1596,2062,2063,2305,2306,3345,3346,3831,4213,4313,4314,4315,4316,4317,4318,4452,5314,6175,6760,6761,7381,7950,
12;0;8757;8782;0;15,20,24,29,39,54,60,111,144,198,206,218,221,267,268,272,273,287,289,303,308,499,533,547,871,979,1085,1509,1587,1596,2062,2063,2305,2306,3345,3346,3831,4213,4313,4314,4315,4316,4317,4318,4452,5314,6175,6760,6761,7381,7950,
35;0;8782;8895;0;15,17,20,24,25,26,29,35,38,39,40,42,46,49,54,60,74,79,111,144,198,206,218,221,267,268,272,273,287,289,303,308,448,476,499,533,547,655,871,979,995,1085,1088,1113,1114,1115,1509,1587,1596,2062,2063,
35;1;8895;9008;0;15,17,20,24,25,26,29,35,38,39,40,42,46,49,54,60,74,79,111,144,198,206,218,221,267,268,272,273,287,289,303,308,448,476,499,533,547,655,871,979,995,1085,1088,1113,1114,1115,1509,1587,1596,2062,2063,
47;0;9008;9103;0;15,17,20,24,25,26,29,34,35,38,39,40,42,46,49,54,60,74,79,111,144,198,206,218,221,267,268,272,273,287,289,303,485,1940,2036,2058,2958,3022,3349,3713,3879,3906,4173,4174,4175,4176,4177,4178,4179,4180,4181,
25;0;9103;9148;0;8,15,17,20,24,25,26,29,34,35,38,39,40,42,46,49,54,60,74,79,111,142,144,198,206,218,221,267,268,272,273,287,289,303,390,398,404,405,429,644,645,646,648,1056,1062,1146,2102,2106,2155,2529,2530,
END;10;1027;42;0;-1147
Machine: 1 = (46,0);(27,1);(27,0);(24,1);(24,0);(40,0);(5,0);(5,1);(38,0);(0,1);(0,0);(18,0);(31,0);(20,1);(20,0);(37,0);(37,1);(23,0);(8,1);(8,0);(45,0);(45,1);(3,0);(28,1);(28,0);(39,1);(39,0);(1,0);(6,0);(6,1);(7,0);(7,1);(42,1);(42,0);(10,0);(13,0);(21,0);(22,0);(22,1);
46;0;0;168;0;4,5,6,7,8,15,24,34,35,36,38,45,49,52,54,55,60,72,95,142,143,148,152,206,245,262,279,289,321,390,404,491,656,658,659,660,661,805,1050,1051,1052,1053,1360,1470,1603,1604,3314,3326,3577,5469,6072,
27;1;168;326;0;4,5,6,7,8,15,24,34,35,36,38,45,49,52,54,55,60,72,95,142,143,148,152,206,245,262,279,289,321,390,404,491,656,658,659,660,661,805,1050,1051,1052,1053,1360,1470,1603,1604,3314,3326,3577,5469,6072,
27;0;326;484;0;4,5,6,7,8,15,24,34,35,36,38,45,49,52,54,55,60,72,95,142,143,148,152,206,245,262,279,289,321,390,404,491,656,658,659,660,661,805,1050,1051,1052,1053,1360,1470,1603,1604,3314,3326,3577,5469,6072,
24;1;484;495;0;4,5,6,7,8,15,24,34,35,36,38,45,49,52,54,55,60,72,95,142,143,148,152,206,245,262,279,289,321,390,404,491,656,658,659,660,661,805,1050,1051,1052,1053,1360,1470,1603,1604,3314,3326,3577,5469,6072,
24;0;495;506;0;4,5,6,7,8,15,24,34,35,36,38,45,49,52,54,55,60,72,95,142,143,148,152,206,245,262,279,289,321,390,404,491,656,658,659,660,661,805,1050,1051,1052,1053,1360,1470,1603,1604,3314,3326,3577,5469,6072,
40;0;506;560;0;4,5,6,7,8,15,24,34,35,36,38,45,49,52,54,55,60,72,95,142,143,148,152,206,245,262,279,289,321,390,404,491,656,658,659,660,661,805,1050,1051,1052,1053,1360,1470,1603,1604,1725,1726,1809,3577,3925,
5;0;560;707;1;4,5,6,7,8,15,24,34,35,36,38,45,49,52,54,55,60,72,95,142,143,148,152,206,245,262,279,289,321,390,404,491,656,658,659,3470,3473,3474,3577,3657,3658,3925,8265,8340,8764,8765,8768,8770,9014,9015,9016,
5;1;707;854;1;4,5,6,7,8,15,24,34,35,36,38,45,49,52,54,55,60,72,95,142,143,148,152,206,245,262,279,289,321,390,404,491,656,658,659,3470,3473,3474,3577,3657,3658,3925,8265,8340,8764,8765,8768,8770,9014,9015,9016,
38;0;1440;1590;0;4,5,6,7,8,15,24,34,35,36,38,45,49,52,54,55,60,72,95,142,143,144,148,152,178,179,206,225,245,262,279,289,302,307,321,380,381,390,404,491,594,595,656,658,659,1416,1424,3470,3473,3577,3925,
0;1;1590;1764;1;4,5,6,7,8,15,17,24,25,27,29,34,35,36,38,45,46,49,52,54,55,60,68,72,76,77,95,142,143,144,148,152,178,179,206,225,245,262,279,289,302,307,321,380,381,390,404,491,656,3577,3925,
0;0;1764;1938;1;4,5,6,7,8,15,17,24,25,27,29,34,35,36,38,45,46,49,52,54,55,60,68,72,76,77,95,142,143,144,148,152,178,179,206,225,245,262,279,289,302,307,321,380,381,390,404,491,656,3577,3925,
18;0;1938;2103;0;4,5,6,7,8,15,17,19,24,25,27,29,34,35,36,38,45,46,49,52,54,55,60,68,72,76,77,95,142,143,144,148,152,178,179,206,225,245,404,637,656,1063,1246,1247,1248,1249,1250,1251,1252,3577,3925,
31;0;2103;2153;0;4,5,6,7,8,15,17,19,24,25,27,29,34,35,36,38,45,46,49,52,54,55,60,68,72,76,77,95,142,143,144,148,152,178,179,206,225,245,276,288,292,404,1058,1147,1478,3577,3925,4016,4017,4018,4019,
20;1;2153;2206;0;4,5,6,7,8,15,17,19,24,25,27,29,34,35,36,38,45,46,49,52,54,55,60,68,72,76,77,95,97,142,143,144,145,148,152,178,179,206,225,228,245,276,288,292,404,1058,1401,1474,1478,2355,3577,
20;0;2206;2259;0;4,5,6,7,8,15,17,19,24,25,27,29,34,35,36,38,45,46,49,52,54,55,60,68,72,76,77,95,97,142,143,144,145,148,152,178,179,206,225,228,245,276,288,292,404,1058,1401,1474,1478,2355,3577,
37;0;2880;2884;0;4,5,6,7,8,15,17,19,24,25,27,29,34,35,36,38,45,46,49,52,54,55,60,68,72,76,77,95,97,142,143,144,145,148,152,177,178,179,180,181,182,183,184,206,225,228,245,288,1474,1676,3577,
37;1;2884;2888;0;4,5,6,7,8,15,17,19,24,25,27,29,34,35,36,38,45,46,49,52,54,55,60,68,72,76,77,95,97,142,143,144,145,148,152,177,178,179,180,181,182,183,184,206,225,228,245,288,1474,1676,3577,
23;0;2888;2922;0;4,5,6,7,8,15,17,19,24,25,27,29,34,35,36,38,45,46,49,52,54,55,60,68,72,76,77,95,97,142,143,144,145,148,152,177,178,179,180,181,182,288,298,398,1474,1814,3577,4675,4967,4968,5050,
8;1;2922;3028;1;4,5,6,7,8,15,17,19,24,25,27,29,34,35,36,38,45,46,49,52,54,55,60,68,72,76,77,95,97,142,143,144,145,148,152,177,178,179,180,181,182,288,1474,3577,8465,8466,8467,8480,8481,8482,8483,
8;0;3028;3134;1;4,5,6,7,8,15,17,19,24,25,27,29,34,35,36,38,45,46,49,52,54,55,60,68,72,76,77,95,97,142,143,144,145,148,152,177,178,179,180,181,182,288,1474,3577,8465,8466,8467,8480,8481,8482,8483,
45;0;3134;3297;0;4,5,6,7,8,15,17,19,24,25,27,29,34,35,36,38,45,46,49,52,54,55,60,68,72,76,77,95,97,142,143,144,145,148,152,177,178,179,180,181,182,224,288,506,519,631,1282,1474,3577,8465,8466,
45;1;3297;3460;0;4,5,6,7,8,15,17,19,24,25,27,29,34,35,36,38,45,46,49,52,54,55,60,68,72,76,77,95,97,142,143,144,145,148,152,177,178,179,180,181,182,224,288,506,519,631,1282,1474,3577,8465,8466,
3;0;3460;3594;1;4,5,6,7,8,15,17,19,24,25,27,29,34,35,36,38,45,46,49,52,54,55,60,68,72,76,77,95,97,142,143,144,145,148,152,177,178,179,180,181,182,224,288,320,1474,1764,2901,2961,2962,2963,2964,
28;1;3594;3695;0;4,5,6,7,8,15,17,19,24,25,27,29,34,35,36,38,45,46,49,52,54,55,60,68,72,76,77,95,97,142,143,144,145,148,152,177,178,179,180,181,182,224,288,320,397,1474,1480,1764,1921,2901,4091,
28;0;3695;3796;0;4,5,6,7,8,15,17,19,24,25,27,29,34,35,36,38,45,46,49,52,54,55,60,68,72,76,77,95,97,142,143,144,145,148,152,177,178,179,180,181,182,224,288,320,397,1474,1480,1764,1921,2901,4091,
39;1;4320;4488;0;4,5,6,7,8,15,17,19,24,25,27,29,34,35,36,38,45,46,49,52,54,55,60,68,72,76,77,95,97,142,143,144,145,148,152,177,178,179,180,181,182,224,288,320,397,553,554,1474,1480,7369,7397,
39;0;4488;4656;0;4,5,6,7,8,15,17,19,24,25,27,29,34,35,36,38,45,46,49,52,54,55,60,68,72,76,77,95,97,142,143,144,145,148,152,177,178,179,180,181,182,224,288,320,397,553,554,1474,1480,7369,7397,
1;0;4656;4667;1;4,5,6,7,8,15,17,19,24,25,27,29,34,35,36,38,45,46,49,52,54,55,60,68,72,76,77,95,97,142,143,144,145,148,152,177,178,179,180,181,182,224,288,320,397,553,554,8555,8558,9032,9075,
6;0;4667;4671;1;4,5,6,7,8,15,17,19,24,25,27,29,34,35,36,38,45,46,49,52,54,55,60,68,72,76,77,95,97,142,143,144,145,148,152,177,178,179,180,181,182,224,288,320,397,553,554,2220,2846,3606,7591,
6;1;4671;4675;1;4,5,6,7,8,15,17,19,24,25,27,29,34,35,36,38,45,46,49,52,54,55,60,68,72,76,77,95,97,142,143,144,145,148,152,177,178,179,180,181,182,224,288,320,397,553,554,2220,2846,3606,7591,
7;0;4675;4789;1;4,5,6,7,8,15,17,19,24,25,27,29,34,35,36,38,45,46,49,52,54,55,60,68,72,76,77,95,97,142,143,144,145,148,152,177,178,179,180,181,182,224,288,320,397,553,554,8297,8298,8299,8300,
7;1;4789;4903;1;4,5,6,7,8,15,17,19,24,25,27,29,34,35,36,38,45,46,49,52,54,55,60,68,72,76,77,95,97,142,143,144,145,148,152,177,178,179,180,181,182,224,288,320,397,553,554,8297,8298,8299,8300,
42;1;4903;5033;0;4,5,6,7,8,15,17,19,24,25,27,29,34,35,36,38,45,46,49,52,54,55,60,68,72,76,77,95,97,142,143,144,145,148,152,177,178,179,180,181,182,224,288,320,397,553,554,2487,3810,8297,8298,
42;0;5033;5163;0;4,5,6,7,8,15,17,19,24,25,27,29,34,35,36,38,45,46,49,52,54,55,60,68,72,76,77,95,97,142,143,144,145,148,152,177,178,179,180,181,182,224,288,320,397,553,554,2487,3810,8297,8298,
10;0;5760;5778;1;4,5,6,7,8,15,17,19,24,25,27,29,34,35,36,38,45,46,49,52,54,55,60,68,72,76,77,95,97,142,143,144,145,148,152,177,178,179,180,181,182,224,288,320,397,553,554,2487,3686,5957,6009,
13;0;5778;5819;0;4,5,6,7,8,15,17,19,24,25,27,29,34,35,36,38,45,46,49,52,54,55,60,68,72,76,77,87,95,97,142,143,144,145,148,152,177,178,179,180,181,182,224,288,320,397,553,554,663,762,2487,
21;0;5819;5847;0;4,5,6,7,8,15,17,19,24,25,27,29,34,35,36,38,45,46,49,52,54,55,60,68,72,76,77,87,95,97,142,143,144,145,148,152,177,178,179,180,181,182,185,224,288,320,397,553,554,663,6654,
22;0;5847;5900;0;4,5,6,7,8,15,17,19,24,25,27,29,34,35,36,38,45,46,49,52,54,55,60,68,72,76,77,87,95,97,142,143,144,145,148,152,177,178,179,180,181,182,185,224,288,320,397,553,554,588,2502,
22;1;5900;5953;0;4,5,6,7,8,15,17,19,24,25,27,29,34,35,36,38,45,46,49,52,54,55,60,68,72,76,77,87,95,97,142,143,144,145,148,152,177,178,179,180,181,182,185,224,288,320,397,553,554,588,2502,
30;0;5953;5972;0;4,5,6,7,8,15,17,24,25,27,29,34,35,36,38,45,49,52,54,55,60,72,87,95,142,143,144,148,152,178,179,297,329,1198,2600,2628,2645,2774,2775,2778,3263,4567,4739,4740,4946,5230,5633,5683,7425,7426,7427,
33;0;5972;6040;0;4,5,6,7,8,15,17,24,25,27,29,34,35,36,38,45,49,52,54,55,60,72,87,95,135,142,143,144,148,152,178,179,297,329,390,394,402,644,769,1052,1053,1159,1198,1230,1231,1232,1233,1234,1235,1236,2822,
4;0;6040;6057;1;4,5,6,7,8,15,24,27,29,34,35,36,38,45,49,52,54,55,60,72,87,95,142,143,144,148,152,178,179,390,394,875,1052,1053,1274,1277,1287,1293,1294,1295,1512,1702,2263,2264,2443,2444,2445,2446,2447,2448,2449,
29;0;6057;6122;0;5,6,7,8,15,24,27,29,34,54,60,87,95,142,144,148,390,394,871,875,1052,1053,1274,1277,1287,1293,1294,1295,1512,1702,1707,2062,2063,2263,2264,2443,2444,2445,2446,2447,2448,2449,3345,3346,4313,4314,4315,4316,4317,4318,6041,
29;1;6122;6187;0;5,6,7,8,15,24,27,29,34,54,60,87,95,142,144,148,390,394,871,875,1052,1053,1274,1277,1287,1293,1294,1295,1512,1702,1707,2062,2063,2263,2264,2443,2444,2445,2446,2447,2448,2449,3345,3346,4313,4314,4315,4316,4317,4318,6041,
4;1;6187;6204;1;5,6,7,8,15,24,27,29,34,54,60,87,95,142,144,148,390,394,871,875,1052,1053,1274,1277,1287,1293,1294,1295,1512,1702,1707,2062,2063,2263,2264,2443,2444,2445,2446,2447,2448,2449,3345,3346,4313,4314,4315,4316,4317,4318,6041,
14;0;6204;6296;0;5,6,7,8,15,24,27,29,34,54,60,87,95,142,144,148,390,394,871,875,1052,1053,1268,1269,1270,1274,1277,1287,1293,1294,1295,1322,1512,1702,1707,2062,2063,2220,2235,2263,2264,2407,2443,2444,2445,3703,3721,3797,4112,4217,4353,
49;0;6296;6320;0;5,6,7,8,15,24,27,29,34,54,60,87,89,90,95,142,144,148,390,394,762,763,764,766,768,773,831,844,871,875,944,1041,1042,1043,1052,1053,1268,1269,1270,1274,1277,1287,1293,1294,1295,1322,1512,1702,1707,2062,2063,
19;0;6320;6409;0;5,6,7,8,15,24,27,29,34,54,60,87,89,90,95,142,144,148,390,394,762,763,764,766,768,773,831,844,871,875,944,1041,1042,1043,1052,1053,3190,3469,3470,3471,3472,3473,3474,3475,3476,3477,3478,3479,3480,3481,3482,
48;0;6409;6470;0;5,6,7,8,15,24,27,29,34,54,60,87,89,90,95,142,144,148,149,390,394,762,763,764,766,768,773,831,844,871,875,944,1041,1042,1043,1050,1052,1053,1121,1145,1146,1358,1484,1816,2128,2613,2614,3190,3470,3473,3474,
46;0;6470;6638;0;5,6,7,8,15,24,27,29,34,54,60,87,89,90,95,142,144,148,149,390,394,404,762,763,764,766,768,773,831,844,871,875,1050,1051,1052,1053,1121,1145,1146,1358,1360,1484,1603,1604,1816,2128,2613,2614,3470,3473,3474,
27;1;7200;7358;0;5,6,7,8,15,24,27,29,34,35,36,45,49,52,54,60,72,87,89,90,95,142,144,148,149,390,394,404,658,659,660,661,762,763,764,766,1050,1053,1121,1145,1146,1358,1360,1484,1816,2128,2613,2614,3470,3473,3474,
27;0;7358;7516;0;5,6,7,8,15,24,27,29,34,35,36,45,49,52,54,60,72,87,89,90,95,142,144,148,149,390,394,404,658,659,660,661,762,763,764,766,1050,1053,1121,1145,1146,1358,1360,1484,1816,2128,2613,2614,3470,3473,3474,
48;1;7516;7577;0;5,6,7,8,15,24,27,29,34,35,36,45,49,52,54,60,72,87,89,90,95,142,144,148,149,390,394,404,658,659,660,661,762,763,764,766,1050,1053,1121,1145,1146,1358,1360,1484,1816,2128,2613,2614,3470,3473,3474,
24;1;7577;7588;0;5,6,7,8,15,24,27,29,34,35,36,38,45,49,52,54,55,60,72,87,89,90,95,142,144,148,149,152,206,279,390,394,404,491,656,658,659,660,661,762,805,1053,1360,3314,3326,3470,3473,3474,3577,5469,6072,
40;0;7588;7642;0;4,5,6,7,8,15,24,27,29,34,35,36,38,45,49,52,54,55,60,72,87,89,95,143,144,152,206,245,262,279,289,321,404,491,656,805,1053,1360,1470,1725,1726,1809,3314,3326,3470,3473,3474,3577,3925,5469,6072,
24;0;7642;7653;0;4,5,6,7,8,15,24,27,29,34,35,36,38,45,49,52,54,55,60,72,87,89,95,143,144,152,206,245,262,279,289,321,404,491,656,805,1053,1360,1470,1725,1726,1809,3314,3326,3470,3473,3474,3577,3925,5469,6072,
5;0;7653;7800;1;4,5,6,7,8,15,24,27,29,34,35,36,38,45,49,52,54,55,60,72,87,89,95,143,144,152,206,245,262,279,289,321,404,491,656,805,3470,3473,3474,3657,3658,3925,8265,8340,8764,8765,8768,8770,9014,9015,9016,
5;1;7800;7947;1;4,5,6,7,8,15,24,27,29,34,35,36,38,45,49,52,54,55,60,72,87,89,95,143,144,152,206,245,262,279,289,321,404,491,656,805,3470,3473,3474,3657,3658,3925,8265,8340,8764,8765,8768,8770,9014,9015,9016,
38;0;8640;8790;0;4,5,6,7,8,15,24,27,29,34,35,36,38,45,49,52,54,55,60,72,87,89,95,143,144,152,178,179,206,225,245,262,279,289,302,307,321,380,381,404,491,594,595,656,805,1416,1424,3470,3473,3474,3925,
0;1;8790;8964;1;4,5,6,7,8,15,17,24,25,27,29,34,35,36,38,45,46,49,52,54,55,60,68,72,76,77,87,89,95,143,144,152,178,179,206,225,245,262,279,289,302,307,321,380,381,404,491,594,595,656,3925,
18;0;8964;9129;0;4,5,6,7,8,15,17,19,24,25,27,29,34,35,36,38,45,46,49,52,54,55,60,68,72,76,77,87,89,95,143,144,152,178,179,206,225,245,262,404,637,656,1063,1246,1247,1248,1249,1250,1251,1252,3925,
0;0;9129;9303;1;4,5,6,7,8,15,17,19,24,25,27,29,34,35,36,38,45,46,49,52,54,55,60,68,72,76,77,87,89,95,143,144,152,178,179,206,225,245,262,404,637,656,1063,1246,1247,1248,1249,1250,1251,1252,3925,
31;0;9303;9353;0;4,5,6,7,8,15,17,19,24,25,27,29,34,35,36,38,45,46,49,52,54,55,60,68,72,76,77,87,89,95,143,144,152,178,179,206,225,245,262,276,288,292,404,1058,1147,1478,3925,4016,4017,4018,4019,
20;1;9353;9406;0;4,5,6,7,8,15,17,19,24,25,27,29,34,35,36,38,45,46,49,52,54,55,60,68,72,76,77,87,89,95,97,143,144,145,152,178,179,206,225,228,245,262,276,288,292,404,1058,1401,1474,1478,2355,
END;19;394;41;0;-234
